Serial_number:
2036213
Project ID:
ACRE Wetland
Location:
Inlet A
LEVEL
UNIT: m
Offset: 0.000000 m
TEMPERATURE
UNIT: °C
Date,Time,ms,LEVEL,TEMPERATURE
8/12/2022,10:00:00 am,0,0.113,17.30
8/12/2022,10:15:00 am,0,0.121,17.40
8/12/2022,10:30:00 am,0,0.119,17.40
8/12/2022,10:45:00 am,0,0.124,17.40
8/12/2022,11:00:00 am,0,0.129,17.50
8/12/2022,11:15:00 am,0,0.131,17.50
8/12/2022,11:30:00 am,0,0.129,17.50
8/12/2022,11:45:00 am,0,0.131,17.60
8/12/2022,12:00:00 pm,0,0.133,17.60
8/12/2022,12:15:00 pm,0,0.132,17.60
8/12/2022,12:30:00 pm,0,0.133,17.70
8/12/2022,12:45:00 pm,0,0.132,17.70
8/12/2022,01:00:00 pm,0,0.134,17.70
8/12/2022,01:15:00 pm,0,0.134,17.80
8/12/2022,01:30:00 pm,0,0.132,17.80
8/12/2022,01:45:00 pm,0,0.134,17.90
8/12/2022,02:00:00 pm,0,0.135,17.90
8/12/2022,02:15:00 pm,0,0.134,17.90
8/12/2022,02:30:00 pm,0,0.135,18.00
8/12/2022,02:45:00 pm,0,0.134,18.00
8/12/2022,03:00:00 pm,0,0.133,18.00
8/12/2022,03:15:00 pm,0,0.135,18.10
8/12/2022,03:30:00 pm,0,0.134,18.10
8/12/2022,03:45:00 pm,0,0.134,18.10
8/12/2022,04:00:00 pm,0,0.132,18.20
8/12/2022,04:15:00 pm,0,0.131,18.20
8/12/2022,04:30:00 pm,0,0.131,18.20
8/12/2022,04:45:00 pm,0,0.133,18.30
8/12/2022,05:00:00 pm,0,0.135,18.30
8/12/2022,05:15:00 pm,0,0.132,18.30
8/12/2022,05:30:00 pm,0,0.134,18.40
8/12/2022,05:45:00 pm,0,0.132,18.40
8/12/2022,06:00:00 pm,0,0.134,18.40
8/12/2022,06:15:00 pm,0,0.134,18.50
8/12/2022,06:30:00 pm,0,0.133,18.50
8/12/2022,06:45:00 pm,0,0.133,18.50
8/12/2022,07:00:00 pm,0,0.133,18.50
8/12/2022,07:15:00 pm,0,0.135,18.60
8/12/2022,07:30:00 pm,0,0.133,18.60
8/12/2022,07:45:00 pm,0,0.133,18.60
8/12/2022,08:00:00 pm,0,0.132,18.60
8/12/2022,08:15:00 pm,0,0.132,18.60
8/12/2022,08:30:00 pm,0,0.130,18.60
8/12/2022,08:45:00 pm,0,0.130,18.60
8/12/2022,09:00:00 pm,0,0.130,18.60
8/12/2022,09:15:00 pm,0,0.134,18.70
8/12/2022,09:30:00 pm,0,0.134,18.70
8/12/2022,09:45:00 pm,0,0.133,18.70
8/12/2022,10:00:00 pm,0,0.132,18.60
8/12/2022,10:15:00 pm,0,0.131,18.60
8/12/2022,10:30:00 pm,0,0.133,18.60
8/12/2022,10:45:00 pm,0,0.131,18.60
8/12/2022,11:00:00 pm,0,0.130,18.60
8/12/2022,11:15:00 pm,0,0.131,18.60
8/12/2022,11:30:00 pm,0,0.132,18.50
8/12/2022,11:45:00 pm,0,0.132,18.50
8/13/2022,12:00:00 am,0,0.130,18.40
8/13/2022,12:15:00 am,0,0.131,18.40
8/13/2022,12:30:00 am,0,0.131,18.40
8/13/2022,12:45:00 am,0,0.133,18.30
8/13/2022,01:00:00 am,0,0.133,18.30
8/13/2022,01:15:00 am,0,0.134,18.20
8/13/2022,01:30:00 am,0,0.134,18.20
8/13/2022,01:45:00 am,0,0.131,18.10
8/13/2022,02:00:00 am,0,0.131,18.10
8/13/2022,02:15:00 am,0,0.133,18.00
8/13/2022,02:30:00 am,0,0.133,18.00
8/13/2022,02:45:00 am,0,0.131,17.90
8/13/2022,03:00:00 am,0,0.131,17.90
8/13/2022,03:15:00 am,0,0.129,17.80
8/13/2022,03:30:00 am,0,0.130,17.80
8/13/2022,03:45:00 am,0,0.129,17.70
8/13/2022,04:00:00 am,0,0.131,17.70
8/13/2022,04:15:00 am,0,0.132,17.70
8/13/2022,04:30:00 am,0,0.130,17.60
8/13/2022,04:45:00 am,0,0.129,17.60
8/13/2022,05:00:00 am,0,0.129,17.50
8/13/2022,05:15:00 am,0,0.131,17.50
8/13/2022,05:30:00 am,0,0.129,17.40
8/13/2022,05:45:00 am,0,0.130,17.40
8/13/2022,06:00:00 am,0,0.128,17.40
8/13/2022,06:15:00 am,0,0.128,17.30
8/13/2022,06:30:00 am,0,0.128,17.30
8/13/2022,06:45:00 am,0,0.124,17.20
8/13/2022,07:00:00 am,0,0.126,17.20
8/13/2022,07:15:00 am,0,0.124,17.20
8/13/2022,07:30:00 am,0,0.124,17.20
8/13/2022,07:45:00 am,0,0.123,17.20
8/13/2022,08:00:00 am,0,0.121,17.10
8/13/2022,08:15:00 am,0,0.122,17.10
8/13/2022,08:30:00 am,0,0.124,17.10
8/13/2022,08:45:00 am,0,0.121,17.10
8/13/2022,09:00:00 am,0,0.121,17.10
8/13/2022,09:15:00 am,0,0.122,17.10
8/13/2022,09:30:00 am,0,0.121,17.10
8/13/2022,09:45:00 am,0,0.123,17.10
8/13/2022,10:00:00 am,0,0.123,17.20
8/13/2022,10:15:00 am,0,0.122,17.20
8/13/2022,10:30:00 am,0,0.120,17.20
8/13/2022,10:45:00 am,0,0.119,17.20
8/13/2022,11:00:00 am,0,0.121,17.20
8/13/2022,11:15:00 am,0,0.119,17.30
8/13/2022,11:30:00 am,0,0.120,17.30
8/13/2022,11:45:00 am,0,0.121,17.30
8/13/2022,12:00:00 pm,0,0.120,17.40
8/13/2022,12:15:00 pm,0,0.121,17.40
8/13/2022,12:30:00 pm,0,0.119,17.40
8/13/2022,12:45:00 pm,0,0.122,17.50
8/13/2022,01:00:00 pm,0,0.121,17.50
8/13/2022,01:15:00 pm,0,0.123,17.60
8/13/2022,01:30:00 pm,0,0.122,17.60
8/13/2022,01:45:00 pm,0,0.121,17.60
8/13/2022,02:00:00 pm,0,0.121,17.70
8/13/2022,02:15:00 pm,0,0.120,17.70
8/13/2022,02:30:00 pm,0,0.118,17.80
8/13/2022,02:45:00 pm,0,0.117,17.80
8/13/2022,03:00:00 pm,0,0.118,17.90
8/13/2022,03:15:00 pm,0,0.120,17.90
8/13/2022,03:30:00 pm,0,0.118,17.90
8/13/2022,03:45:00 pm,0,0.121,18.00
8/13/2022,04:00:00 pm,0,0.120,18.00
8/13/2022,04:15:00 pm,0,0.120,18.10
8/13/2022,04:30:00 pm,0,0.121,18.10
8/13/2022,04:45:00 pm,0,0.121,18.10
8/13/2022,05:00:00 pm,0,0.122,18.20
8/13/2022,05:15:00 pm,0,0.120,18.20
8/13/2022,05:30:00 pm,0,0.121,18.20
8/13/2022,05:45:00 pm,0,0.119,18.30
8/13/2022,06:00:00 pm,0,0.121,18.30
8/13/2022,06:15:00 pm,0,0.120,18.30
8/13/2022,06:30:00 pm,0,0.120,18.30
8/13/2022,06:45:00 pm,0,0.120,18.40
8/13/2022,07:00:00 pm,0,0.120,18.40
8/13/2022,07:15:00 pm,0,0.120,18.40
8/13/2022,07:30:00 pm,0,0.118,18.40
8/13/2022,07:45:00 pm,0,0.118,18.40
8/13/2022,08:00:00 pm,0,0.120,18.40
8/13/2022,08:15:00 pm,0,0.121,18.50
8/13/2022,08:30:00 pm,0,0.119,18.50
8/13/2022,08:45:00 pm,0,0.120,18.50
8/13/2022,09:00:00 pm,0,0.118,18.50
8/13/2022,09:15:00 pm,0,0.118,18.50
8/13/2022,09:30:00 pm,0,0.118,18.50
8/13/2022,09:45:00 pm,0,0.118,18.50
8/13/2022,10:00:00 pm,0,0.119,18.50
8/13/2022,10:15:00 pm,0,0.116,18.50
8/13/2022,10:30:00 pm,0,0.118,18.50
8/13/2022,10:45:00 pm,0,0.116,18.50
8/13/2022,11:00:00 pm,0,0.117,18.50
8/13/2022,11:15:00 pm,0,0.117,18.50
8/13/2022,11:30:00 pm,0,0.116,18.50
8/13/2022,11:45:00 pm,0,0.116,18.50
8/14/2022,12:00:00 am,0,0.117,18.50
8/14/2022,12:15:00 am,0,0.114,18.50
8/14/2022,12:30:00 am,0,0.115,18.50
8/14/2022,12:45:00 am,0,0.115,18.50
8/14/2022,01:00:00 am,0,0.115,18.50
8/14/2022,01:15:00 am,0,0.116,18.50
8/14/2022,01:30:00 am,0,0.115,18.50
8/14/2022,01:45:00 am,0,0.114,18.50
8/14/2022,02:00:00 am,0,0.114,18.50
8/14/2022,02:15:00 am,0,0.114,18.50
8/14/2022,02:30:00 am,0,0.116,18.50
8/14/2022,02:45:00 am,0,0.114,18.50
8/14/2022,03:00:00 am,0,0.115,18.50
8/14/2022,03:15:00 am,0,0.116,18.50
8/14/2022,03:30:00 am,0,0.113,18.50
8/14/2022,03:45:00 am,0,0.113,18.50
8/14/2022,04:00:00 am,0,0.113,18.50
8/14/2022,04:15:00 am,0,0.156,18.40
8/14/2022,04:30:00 am,0,0.154,18.40
8/14/2022,04:45:00 am,0,0.155,18.40
8/14/2022,05:00:00 am,0,0.153,18.40
8/14/2022,05:15:00 am,0,0.154,18.40
8/14/2022,05:30:00 am,0,0.152,18.40
8/14/2022,05:45:00 am,0,0.161,18.30
8/14/2022,06:00:00 am,0,0.164,18.30
8/14/2022,06:15:00 am,0,0.163,18.30
8/14/2022,06:30:00 am,0,0.160,18.30
8/14/2022,06:45:00 am,0,0.159,18.30
8/14/2022,07:00:00 am,0,0.160,18.30
8/14/2022,07:15:00 am,0,0.159,18.30
8/14/2022,07:30:00 am,0,0.159,18.30
8/14/2022,07:45:00 am,0,0.158,18.30
8/14/2022,08:00:00 am,0,0.157,18.30
8/14/2022,08:15:00 am,0,0.158,18.30
8/14/2022,08:30:00 am,0,0.156,18.30
8/14/2022,08:45:00 am,0,0.158,18.30
8/14/2022,09:00:00 am,0,0.155,18.30
8/14/2022,09:15:00 am,0,0.155,18.30
8/14/2022,09:30:00 am,0,0.153,18.20
8/14/2022,09:45:00 am,0,0.153,18.20
8/14/2022,10:00:00 am,0,0.153,18.20
8/14/2022,10:15:00 am,0,0.153,18.20
8/14/2022,10:30:00 am,0,0.153,18.20
8/14/2022,10:45:00 am,0,0.153,18.20
8/14/2022,11:00:00 am,0,0.152,18.20
8/14/2022,11:15:00 am,0,0.152,18.20
8/14/2022,11:30:00 am,0,0.152,18.20
8/14/2022,11:45:00 am,0,0.156,18.30
8/14/2022,12:00:00 pm,0,0.155,18.30
8/14/2022,12:15:00 pm,0,0.152,18.30
8/14/2022,12:30:00 pm,0,0.151,18.30
8/14/2022,12:45:00 pm,0,0.153,18.30
8/14/2022,01:00:00 pm,0,0.152,18.30
8/14/2022,01:15:00 pm,0,0.152,18.30
8/14/2022,01:30:00 pm,0,0.157,18.40
8/14/2022,01:45:00 pm,0,0.156,18.40
8/14/2022,02:00:00 pm,0,0.154,18.40
8/14/2022,02:15:00 pm,0,0.156,18.40
8/14/2022,02:30:00 pm,0,0.155,18.40
8/14/2022,02:45:00 pm,0,0.155,18.50
8/14/2022,03:00:00 pm,0,0.157,18.50
8/14/2022,03:15:00 pm,0,0.155,18.50
8/14/2022,03:30:00 pm,0,0.155,18.50
8/14/2022,03:45:00 pm,0,0.155,18.50
8/14/2022,04:00:00 pm,0,0.155,18.50
8/14/2022,04:15:00 pm,0,0.155,18.50
8/14/2022,04:30:00 pm,0,0.157,18.50
8/14/2022,04:45:00 pm,0,0.155,18.50
8/14/2022,05:00:00 pm,0,0.155,18.50
8/14/2022,05:15:00 pm,0,0.158,18.60
8/14/2022,05:30:00 pm,0,0.158,18.60
8/14/2022,05:45:00 pm,0,0.156,18.60
8/14/2022,06:00:00 pm,0,0.156,18.60
8/14/2022,06:15:00 pm,0,0.156,18.60
8/14/2022,06:30:00 pm,0,0.155,18.60
8/14/2022,06:45:00 pm,0,0.155,18.60
8/14/2022,07:00:00 pm,0,0.157,18.60
8/14/2022,07:15:00 pm,0,0.156,18.60
8/14/2022,07:30:00 pm,0,0.157,18.60
8/14/2022,07:45:00 pm,0,0.157,18.60
8/14/2022,08:00:00 pm,0,0.156,18.60
8/14/2022,08:15:00 pm,0,0.155,18.60
8/14/2022,08:30:00 pm,0,0.157,18.60
8/14/2022,08:45:00 pm,0,0.154,18.50
8/14/2022,09:00:00 pm,0,0.156,18.50
8/14/2022,09:15:00 pm,0,0.156,18.50
8/14/2022,09:30:00 pm,0,0.156,18.50
8/14/2022,09:45:00 pm,0,0.155,18.50
8/14/2022,10:00:00 pm,0,0.156,18.50
8/14/2022,10:15:00 pm,0,0.155,18.50
8/14/2022,10:30:00 pm,0,0.154,18.50
8/14/2022,10:45:00 pm,0,0.155,18.50
8/14/2022,11:00:00 pm,0,0.155,18.50
8/14/2022,11:15:00 pm,0,0.155,18.50
8/14/2022,11:30:00 pm,0,0.154,18.50
8/14/2022,11:45:00 pm,0,0.154,18.40
8/15/2022,12:00:00 am,0,0.153,18.40
8/15/2022,12:15:00 am,0,0.156,18.40
8/15/2022,12:30:00 am,0,0.153,18.40
8/15/2022,12:45:00 am,0,0.157,18.40
8/15/2022,01:00:00 am,0,0.154,18.40
8/15/2022,01:15:00 am,0,0.154,18.40
8/15/2022,01:30:00 am,0,0.153,18.30
8/15/2022,01:45:00 am,0,0.155,18.30
8/15/2022,02:00:00 am,0,0.155,18.30
8/15/2022,02:15:00 am,0,0.154,18.30
8/15/2022,02:30:00 am,0,0.154,18.30
8/15/2022,02:45:00 am,0,0.154,18.30
8/15/2022,03:00:00 am,0,0.155,18.30
8/15/2022,03:15:00 am,0,0.154,18.20
8/15/2022,03:30:00 am,0,0.156,18.20
8/15/2022,03:45:00 am,0,0.156,18.20
8/15/2022,04:00:00 am,0,0.156,18.20
8/15/2022,04:15:00 am,0,0.154,18.20
8/15/2022,04:30:00 am,0,0.154,18.20
8/15/2022,04:45:00 am,0,0.155,18.20
8/15/2022,05:00:00 am,0,0.153,18.10
8/15/2022,05:15:00 am,0,0.155,18.10
8/15/2022,05:30:00 am,0,0.153,18.10
8/15/2022,05:45:00 am,0,0.156,18.10
8/15/2022,06:00:00 am,0,0.153,18.10
8/15/2022,06:15:00 am,0,0.155,18.10
8/15/2022,06:30:00 am,0,0.153,18.10
8/15/2022,06:45:00 am,0,0.156,18.10
8/15/2022,07:00:00 am,0,0.155,18.10
8/15/2022,07:15:00 am,0,0.155,18.00
8/15/2022,07:30:00 am,0,0.154,18.00
8/15/2022,07:45:00 am,0,0.152,18.00
8/15/2022,08:00:00 am,0,0.153,18.00
8/15/2022,08:15:00 am,0,0.153,18.00
8/15/2022,08:30:00 am,0,0.153,18.00
8/15/2022,08:45:00 am,0,0.151,18.00
8/15/2022,09:00:00 am,0,0.152,18.00
8/15/2022,09:15:00 am,0,0.151,18.00
8/15/2022,09:30:00 am,0,0.149,18.00
8/15/2022,09:45:00 am,0,0.150,18.00
8/15/2022,10:00:00 am,0,0.150,18.00
8/15/2022,10:15:00 am,0,0.149,18.00
8/15/2022,10:30:00 am,0,0.148,18.00
8/15/2022,10:45:00 am,0,0.149,18.00
8/15/2022,11:00:00 am,0,0.148,18.00
8/15/2022,11:15:00 am,0,0.148,18.00
8/15/2022,11:30:00 am,0,0.150,18.10
8/15/2022,11:45:00 am,0,0.150,18.10
8/15/2022,12:00:00 pm,0,0.150,18.10
8/15/2022,12:15:00 pm,0,0.148,18.10
8/15/2022,12:30:00 pm,0,0.148,18.10
8/15/2022,12:45:00 pm,0,0.149,18.20
8/15/2022,01:00:00 pm,0,0.149,18.20
8/15/2022,01:15:00 pm,0,0.148,18.20
8/15/2022,01:30:00 pm,0,0.147,18.20
8/15/2022,01:45:00 pm,0,0.149,18.30
8/15/2022,02:00:00 pm,0,0.149,18.30
8/15/2022,02:15:00 pm,0,0.149,18.30
8/15/2022,02:30:00 pm,0,0.147,18.40
8/15/2022,02:45:00 pm,0,0.148,18.40
8/15/2022,03:00:00 pm,0,0.146,18.40
8/15/2022,03:15:00 pm,0,0.148,18.50
8/15/2022,03:30:00 pm,0,0.147,18.50
8/15/2022,03:45:00 pm,0,0.149,18.50
8/15/2022,04:00:00 pm,0,0.147,18.50
8/15/2022,04:15:00 pm,0,0.148,18.60
8/15/2022,04:30:00 pm,0,0.150,18.60
8/15/2022,04:45:00 pm,0,0.148,18.60
8/15/2022,05:00:00 pm,0,0.149,18.70
8/15/2022,05:15:00 pm,0,0.148,18.70
8/15/2022,05:30:00 pm,0,0.148,18.70
8/15/2022,05:45:00 pm,0,0.147,18.70
8/15/2022,06:00:00 pm,0,0.149,18.80
8/15/2022,06:15:00 pm,0,0.149,18.80
8/15/2022,06:30:00 pm,0,0.149,18.80
8/15/2022,06:45:00 pm,0,0.148,18.80
8/15/2022,07:00:00 pm,0,0.147,18.80
8/15/2022,07:15:00 pm,0,0.149,18.90
8/15/2022,07:30:00 pm,0,0.149,18.90
8/15/2022,07:45:00 pm,0,0.147,18.90
8/15/2022,08:00:00 pm,0,0.147,18.90
8/15/2022,08:15:00 pm,0,0.146,18.90
8/15/2022,08:30:00 pm,0,0.146,18.90
8/15/2022,08:45:00 pm,0,0.146,18.90
8/15/2022,09:00:00 pm,0,0.147,18.90
8/15/2022,09:15:00 pm,0,0.146,18.90
8/15/2022,09:30:00 pm,0,0.147,18.90
8/15/2022,09:45:00 pm,0,0.147,18.90
8/15/2022,10:00:00 pm,0,0.145,18.90
8/15/2022,10:15:00 pm,0,0.146,18.80
8/15/2022,10:30:00 pm,0,0.144,18.80
8/15/2022,10:45:00 pm,0,0.146,18.80
8/15/2022,11:00:00 pm,0,0.145,18.80
8/15/2022,11:15:00 pm,0,0.146,18.80
8/15/2022,11:30:00 pm,0,0.143,18.70
8/15/2022,11:45:00 pm,0,0.144,18.70
8/16/2022,12:00:00 am,0,0.145,18.70
8/16/2022,12:15:00 am,0,0.146,18.70
8/16/2022,12:30:00 am,0,0.143,18.60
8/16/2022,12:45:00 am,0,0.145,18.60
8/16/2022,01:00:00 am,0,0.143,18.60
8/16/2022,01:15:00 am,0,0.142,18.50
8/16/2022,01:30:00 am,0,0.144,18.50
8/16/2022,01:45:00 am,0,0.144,18.50
8/16/2022,02:00:00 am,0,0.143,18.40
8/16/2022,02:15:00 am,0,0.143,18.40
8/16/2022,02:30:00 am,0,0.143,18.30
8/16/2022,02:45:00 am,0,0.143,18.30
8/16/2022,03:00:00 am,0,0.141,18.20
8/16/2022,03:15:00 am,0,0.143,18.20
8/16/2022,03:30:00 am,0,0.141,18.20
8/16/2022,03:45:00 am,0,0.141,18.10
8/16/2022,04:00:00 am,0,0.143,18.10
8/16/2022,04:15:00 am,0,0.142,18.00
8/16/2022,04:30:00 am,0,0.143,18.00
8/16/2022,04:45:00 am,0,0.142,17.90
8/16/2022,05:00:00 am,0,0.141,17.90
8/16/2022,05:15:00 am,0,0.140,17.90
8/16/2022,05:30:00 am,0,0.141,17.80
8/16/2022,05:45:00 am,0,0.140,17.80
8/16/2022,06:00:00 am,0,0.139,17.80
8/16/2022,06:15:00 am,0,0.140,17.70
8/16/2022,06:30:00 am,0,0.139,17.70
8/16/2022,06:45:00 am,0,0.140,17.70
8/16/2022,07:00:00 am,0,0.138,17.60
8/16/2022,07:15:00 am,0,0.138,17.60
8/16/2022,07:30:00 am,0,0.139,17.60
8/16/2022,07:45:00 am,0,0.137,17.60
8/16/2022,08:00:00 am,0,0.138,17.60
8/16/2022,08:15:00 am,0,0.133,17.50
8/16/2022,08:30:00 am,0,0.135,17.50
8/16/2022,08:45:00 am,0,0.134,17.60
8/16/2022,09:00:00 am,0,0.134,17.60
8/16/2022,09:15:00 am,0,0.133,17.60
8/16/2022,09:30:00 am,0,0.133,17.60
8/16/2022,09:45:00 am,0,0.135,17.60
8/16/2022,10:00:00 am,0,0.134,17.60
8/16/2022,10:15:00 am,0,0.133,17.60
8/16/2022,10:30:00 am,0,0.132,17.60
8/16/2022,10:45:00 am,0,0.132,17.70
8/16/2022,11:00:00 am,0,0.130,17.70
8/16/2022,11:15:00 am,0,0.130,17.70
8/16/2022,11:30:00 am,0,0.131,17.70
8/16/2022,11:45:00 am,0,0.131,17.80
8/16/2022,12:00:00 pm,0,0.131,17.80
8/16/2022,12:15:00 pm,0,0.129,17.80
8/16/2022,12:30:00 pm,0,0.131,17.90
8/16/2022,12:45:00 pm,0,0.132,17.90
8/16/2022,01:00:00 pm,0,0.133,18.00
8/16/2022,01:15:00 pm,0,0.130,18.00
8/16/2022,01:30:00 pm,0,0.131,18.00
8/16/2022,01:45:00 pm,0,0.131,18.10
8/16/2022,02:00:00 pm,0,0.129,18.10
8/16/2022,02:15:00 pm,0,0.130,18.20
8/16/2022,02:30:00 pm,0,0.131,18.20
8/16/2022,02:45:00 pm,0,0.128,18.20
8/16/2022,03:00:00 pm,0,0.129,18.30
8/16/2022,03:15:00 pm,0,0.127,18.30
8/16/2022,03:30:00 pm,0,0.129,18.40
8/16/2022,03:45:00 pm,0,0.129,18.40
8/16/2022,04:00:00 pm,0,0.129,18.40
8/16/2022,04:15:00 pm,0,0.131,18.50
8/16/2022,04:30:00 pm,0,0.132,18.50
8/16/2022,04:45:00 pm,0,0.133,18.60
8/16/2022,05:00:00 pm,0,0.130,18.60
8/16/2022,05:15:00 pm,0,0.130,18.60
8/16/2022,05:30:00 pm,0,0.131,18.70
8/16/2022,05:45:00 pm,0,0.131,18.70
8/16/2022,06:00:00 pm,0,0.129,18.70
8/16/2022,06:15:00 pm,0,0.131,18.80
8/16/2022,06:30:00 pm,0,0.129,18.80
8/16/2022,06:45:00 pm,0,0.129,18.80
8/16/2022,07:00:00 pm,0,0.128,18.80
8/16/2022,07:15:00 pm,0,0.130,18.90
8/16/2022,07:30:00 pm,0,0.130,18.90
8/16/2022,07:45:00 pm,0,0.130,18.90
8/16/2022,08:00:00 pm,0,0.127,18.90
8/16/2022,08:15:00 pm,0,0.126,18.90
8/16/2022,08:30:00 pm,0,0.124,18.90
8/16/2022,08:45:00 pm,0,0.123,18.90
8/16/2022,09:00:00 pm,0,0.122,18.90
8/16/2022,09:15:00 pm,0,0.121,18.90
8/16/2022,09:30:00 pm,0,0.122,18.90
8/16/2022,09:45:00 pm,0,0.120,18.90
8/16/2022,10:00:00 pm,0,0.120,18.90
8/16/2022,10:15:00 pm,0,0.121,18.90
8/16/2022,10:30:00 pm,0,0.123,18.90
8/16/2022,10:45:00 pm,0,0.118,18.80
8/16/2022,11:00:00 pm,0,0.121,18.80
8/16/2022,11:15:00 pm,0,0.119,18.80
8/16/2022,11:30:00 pm,0,0.121,18.80
8/16/2022,11:45:00 pm,0,0.119,18.70
8/17/2022,12:00:00 am,0,0.120,18.70
8/17/2022,12:15:00 am,0,0.118,18.60
8/17/2022,12:30:00 am,0,0.120,18.60
8/17/2022,12:45:00 am,0,0.118,18.50
8/17/2022,01:00:00 am,0,0.119,18.50
8/17/2022,01:15:00 am,0,0.119,18.50
8/17/2022,01:30:00 am,0,0.119,18.40
8/17/2022,01:45:00 am,0,0.117,18.40
8/17/2022,02:00:00 am,0,0.117,18.30
8/17/2022,02:15:00 am,0,0.118,18.30
8/17/2022,02:30:00 am,0,0.118,18.30
8/17/2022,02:45:00 am,0,0.117,18.20
8/17/2022,03:00:00 am,0,0.119,18.20
8/17/2022,03:15:00 am,0,0.117,18.10
8/17/2022,03:30:00 am,0,0.117,18.10
8/17/2022,03:45:00 am,0,0.118,18.00
8/17/2022,04:00:00 am,0,0.118,18.00
8/17/2022,04:15:00 am,0,0.115,17.90
8/17/2022,04:30:00 am,0,0.117,17.90
8/17/2022,04:45:00 am,0,0.116,17.90
8/17/2022,05:00:00 am,0,0.115,17.80
8/17/2022,05:15:00 am,0,0.117,17.80
8/17/2022,05:30:00 am,0,0.116,17.70
8/17/2022,05:45:00 am,0,0.116,17.70
8/17/2022,06:00:00 am,0,0.114,17.60
8/17/2022,06:15:00 am,0,0.115,17.60
8/17/2022,06:30:00 am,0,0.116,17.60
8/17/2022,06:45:00 am,0,0.115,17.50
8/17/2022,07:00:00 am,0,0.113,17.50
8/17/2022,07:15:00 am,0,0.111,17.40
8/17/2022,07:30:00 am,0,0.112,17.40
8/17/2022,07:45:00 am,0,0.111,17.40
8/17/2022,08:00:00 am,0,0.112,17.40
8/17/2022,08:15:00 am,0,0.109,17.30
8/17/2022,08:30:00 am,0,0.109,17.30
8/17/2022,08:45:00 am,0,0.110,17.30
8/17/2022,09:00:00 am,0,0.108,17.30
8/17/2022,09:15:00 am,0,0.108,17.30
8/17/2022,09:30:00 am,0,0.109,17.40
8/17/2022,09:45:00 am,0,0.110,17.40
8/17/2022,10:00:00 am,0,0.109,17.40
8/17/2022,10:15:00 am,0,0.107,17.40
8/17/2022,10:30:00 am,0,0.106,17.40
8/17/2022,10:45:00 am,0,0.107,17.50
8/17/2022,11:00:00 am,0,0.108,17.50
8/17/2022,11:15:00 am,0,0.105,17.50
8/17/2022,11:30:00 am,0,0.106,17.60
8/17/2022,11:45:00 am,0,0.106,17.60
8/17/2022,12:00:00 pm,0,0.107,17.60
8/17/2022,12:15:00 pm,0,0.107,17.70
8/17/2022,12:30:00 pm,0,0.107,17.70
8/17/2022,12:45:00 pm,0,0.108,17.70
8/17/2022,01:00:00 pm,0,0.109,17.80
8/17/2022,01:15:00 pm,0,0.107,17.80
8/17/2022,01:30:00 pm,0,0.108,17.90
8/17/2022,01:45:00 pm,0,0.105,17.90
8/17/2022,02:00:00 pm,0,0.106,17.90
8/17/2022,02:15:00 pm,0,0.106,18.00
8/17/2022,02:30:00 pm,0,0.105,18.00
8/17/2022,02:45:00 pm,0,0.106,18.10
8/17/2022,03:00:00 pm,0,0.105,18.10
8/17/2022,03:15:00 pm,0,0.107,18.20
8/17/2022,03:30:00 pm,0,0.106,18.20
8/17/2022,03:45:00 pm,0,0.104,18.20
8/17/2022,04:00:00 pm,0,0.105,18.30
8/17/2022,04:15:00 pm,0,0.104,18.30
8/17/2022,04:30:00 pm,0,0.107,18.30
8/17/2022,04:45:00 pm,0,0.109,18.40
8/17/2022,05:00:00 pm,0,0.107,18.40
8/17/2022,05:15:00 pm,0,0.108,18.50
8/17/2022,05:30:00 pm,0,0.109,18.50
8/17/2022,05:45:00 pm,0,0.109,18.50
8/17/2022,06:00:00 pm,0,0.110,18.60
8/17/2022,06:15:00 pm,0,0.108,18.60
8/17/2022,06:30:00 pm,0,0.108,18.60
8/17/2022,06:45:00 pm,0,0.108,18.70
8/17/2022,07:00:00 pm,0,0.108,18.70
8/17/2022,07:15:00 pm,0,0.108,18.70
8/17/2022,07:30:00 pm,0,0.108,18.80
8/17/2022,07:45:00 pm,0,0.108,18.80
8/17/2022,08:00:00 pm,0,0.108,18.80
8/17/2022,08:15:00 pm,0,0.107,18.80
8/17/2022,08:30:00 pm,0,0.107,18.80
8/17/2022,08:45:00 pm,0,0.108,18.80
8/17/2022,09:00:00 pm,0,0.107,18.80
8/17/2022,09:15:00 pm,0,0.106,18.80
8/17/2022,09:30:00 pm,0,0.108,18.80
8/17/2022,09:45:00 pm,0,0.106,18.80
8/17/2022,10:00:00 pm,0,0.106,18.80
8/17/2022,10:15:00 pm,0,0.108,18.80
8/17/2022,10:30:00 pm,0,0.107,18.80
8/17/2022,10:45:00 pm,0,0.108,18.80
8/17/2022,11:00:00 pm,0,0.109,18.80
8/17/2022,11:15:00 pm,0,0.105,18.70
8/17/2022,11:30:00 pm,0,0.108,18.70
8/17/2022,11:45:00 pm,0,0.107,18.70
8/18/2022,12:00:00 am,0,0.105,18.60
8/18/2022,12:15:00 am,0,0.107,18.60
8/18/2022,12:30:00 am,0,0.105,18.60
8/18/2022,12:45:00 am,0,0.106,18.50
8/18/2022,01:00:00 am,0,0.106,18.50
8/18/2022,01:15:00 am,0,0.107,18.50
8/18/2022,01:30:00 am,0,0.104,18.40
8/18/2022,01:45:00 am,0,0.104,18.40
8/18/2022,02:00:00 am,0,0.105,18.40
8/18/2022,02:15:00 am,0,0.106,18.30
8/18/2022,02:30:00 am,0,0.105,18.30
8/18/2022,02:45:00 am,0,0.106,18.30
8/18/2022,03:00:00 am,0,0.104,18.20
8/18/2022,03:15:00 am,0,0.105,18.20
8/18/2022,03:30:00 am,0,0.104,18.20
8/18/2022,03:45:00 am,0,0.105,18.10
8/18/2022,04:00:00 am,0,0.105,18.10
8/18/2022,04:15:00 am,0,0.105,18.00
8/18/2022,04:30:00 am,0,0.104,18.00
8/18/2022,04:45:00 am,0,0.104,18.00
8/18/2022,05:00:00 am,0,0.102,17.90
8/18/2022,05:15:00 am,0,0.105,17.90
8/18/2022,05:30:00 am,0,0.102,17.80
8/18/2022,05:45:00 am,0,0.102,17.80
8/18/2022,06:00:00 am,0,0.105,17.80
8/18/2022,06:15:00 am,0,0.101,17.70
8/18/2022,06:30:00 am,0,0.102,17.70
8/18/2022,06:45:00 am,0,0.104,17.70
8/18/2022,07:00:00 am,0,0.103,17.60
8/18/2022,07:15:00 am,0,0.101,17.60
8/18/2022,07:30:00 am,0,0.101,17.60
8/18/2022,07:45:00 am,0,0.098,17.50
8/18/2022,08:00:00 am,0,0.099,17.50
8/18/2022,08:15:00 am,0,0.100,17.50
8/18/2022,08:30:00 am,0,0.098,17.50
8/18/2022,08:45:00 am,0,0.098,17.50
8/18/2022,09:00:00 am,0,0.097,17.50
8/18/2022,09:15:00 am,0,0.099,17.50
8/18/2022,09:30:00 am,0,0.096,17.50
8/18/2022,09:45:00 am,0,0.097,17.50
8/18/2022,10:00:00 am,0,0.096,17.50
8/18/2022,10:15:00 am,0,0.096,17.50
8/18/2022,10:30:00 am,0,0.096,17.60
8/18/2022,10:45:00 am,0,0.096,17.60
8/18/2022,11:00:00 am,0,0.096,17.60
8/18/2022,11:15:00 am,0,0.094,17.60
8/18/2022,11:30:00 am,0,0.096,17.70
8/18/2022,11:45:00 am,0,0.096,17.70
8/18/2022,12:00:00 pm,0,0.094,17.70
8/18/2022,12:15:00 pm,0,0.095,17.80
8/18/2022,12:30:00 pm,0,0.096,17.80
8/18/2022,12:45:00 pm,0,0.094,17.80
8/18/2022,01:00:00 pm,0,0.095,17.90
8/18/2022,01:15:00 pm,0,0.097,17.90
8/18/2022,01:30:00 pm,0,0.098,18.00
8/18/2022,01:45:00 pm,0,0.096,18.00
8/18/2022,02:00:00 pm,0,0.093,18.00
8/18/2022,02:15:00 pm,0,0.094,18.10
8/18/2022,02:30:00 pm,0,0.094,18.10
8/18/2022,02:45:00 pm,0,0.095,18.20
8/18/2022,03:00:00 pm,0,0.093,18.20
8/18/2022,03:15:00 pm,0,0.094,18.30
8/18/2022,03:30:00 pm,0,0.094,18.30
8/18/2022,03:45:00 pm,0,0.092,18.30
8/18/2022,04:00:00 pm,0,0.093,18.40
8/18/2022,04:15:00 pm,0,0.094,18.40
8/18/2022,04:30:00 pm,0,0.096,18.50
8/18/2022,04:45:00 pm,0,0.094,18.50
8/18/2022,05:00:00 pm,0,0.096,18.50
8/18/2022,05:15:00 pm,0,0.097,18.60
8/18/2022,05:30:00 pm,0,0.095,18.60
8/18/2022,05:45:00 pm,0,0.097,18.70
8/18/2022,06:00:00 pm,0,0.098,18.70
8/18/2022,06:15:00 pm,0,0.097,18.70
8/18/2022,06:30:00 pm,0,0.098,18.80
8/18/2022,06:45:00 pm,0,0.099,18.80
8/18/2022,07:00:00 pm,0,0.097,18.80
8/18/2022,07:15:00 pm,0,0.097,18.80
8/18/2022,07:30:00 pm,0,0.097,18.90
8/18/2022,07:45:00 pm,0,0.097,18.90
8/18/2022,08:00:00 pm,0,0.098,18.90
8/18/2022,08:15:00 pm,0,0.098,18.90
8/18/2022,08:30:00 pm,0,0.095,18.90
8/18/2022,08:45:00 pm,0,0.097,18.90
8/18/2022,09:00:00 pm,0,0.096,19.00
8/18/2022,09:15:00 pm,0,0.098,19.00
8/18/2022,09:30:00 pm,0,0.098,19.00
8/18/2022,09:45:00 pm,0,0.095,19.00
8/18/2022,10:00:00 pm,0,0.095,18.90
8/18/2022,10:15:00 pm,0,0.097,18.90
8/18/2022,10:30:00 pm,0,0.094,18.90
8/18/2022,10:45:00 pm,0,0.095,18.90
8/18/2022,11:00:00 pm,0,0.095,18.90
8/18/2022,11:15:00 pm,0,0.095,18.90
8/18/2022,11:30:00 pm,0,0.097,18.90
8/18/2022,11:45:00 pm,0,0.096,18.90
8/19/2022,12:00:00 am,0,0.094,18.80
8/19/2022,12:15:00 am,0,0.095,18.80
8/19/2022,12:30:00 am,0,0.094,18.80
8/19/2022,12:45:00 am,0,0.095,18.80
8/19/2022,01:00:00 am,0,0.094,18.70
8/19/2022,01:15:00 am,0,0.095,18.70
8/19/2022,01:30:00 am,0,0.096,18.70
8/19/2022,01:45:00 am,0,0.092,18.60
8/19/2022,02:00:00 am,0,0.092,18.60
8/19/2022,02:15:00 am,0,0.095,18.60
8/19/2022,02:30:00 am,0,0.092,18.50
8/19/2022,02:45:00 am,0,0.092,18.50
8/19/2022,03:00:00 am,0,0.092,18.50
8/19/2022,03:15:00 am,0,0.095,18.50
8/19/2022,03:30:00 am,0,0.092,18.40
8/19/2022,03:45:00 am,0,0.092,18.40
8/19/2022,04:00:00 am,0,0.092,18.40
8/19/2022,04:15:00 am,0,0.092,18.30
8/19/2022,04:30:00 am,0,0.091,18.30
8/19/2022,04:45:00 am,0,0.092,18.30
8/19/2022,05:00:00 am,0,0.092,18.30
8/19/2022,05:15:00 am,0,0.091,18.20
8/19/2022,05:30:00 am,0,0.091,18.20
8/19/2022,05:45:00 am,0,0.091,18.10
8/19/2022,06:00:00 am,0,0.090,18.10
8/19/2022,06:15:00 am,0,0.093,18.10
8/19/2022,06:30:00 am,0,0.093,18.00
8/19/2022,06:45:00 am,0,0.091,18.00
8/19/2022,07:00:00 am,0,0.090,18.00
8/19/2022,07:15:00 am,0,0.089,18.00
8/19/2022,07:30:00 am,0,0.089,17.90
8/19/2022,07:45:00 am,0,0.087,17.90
8/19/2022,08:00:00 am,0,0.086,17.90
8/19/2022,08:15:00 am,0,0.085,17.90
8/19/2022,08:30:00 am,0,0.087,17.90
8/19/2022,08:45:00 am,0,0.085,17.90
8/19/2022,09:00:00 am,0,0.085,17.90
8/19/2022,09:15:00 am,0,0.086,17.90
8/19/2022,09:30:00 am,0,0.083,17.90
8/19/2022,09:45:00 am,0,0.087,17.90
8/19/2022,10:00:00 am,0,0.086,18.00
8/19/2022,10:15:00 am,0,0.083,18.00
8/19/2022,10:30:00 am,0,0.083,18.00
8/19/2022,10:45:00 am,0,0.085,18.00
8/19/2022,11:00:00 am,0,0.084,18.00
8/19/2022,11:15:00 am,0,0.082,18.10
8/19/2022,11:30:00 am,0,0.083,18.10
8/19/2022,11:45:00 am,0,0.084,18.10
8/19/2022,12:00:00 pm,0,0.085,18.20
8/19/2022,12:15:00 pm,0,0.084,18.20
8/19/2022,12:30:00 pm,0,0.085,18.30
8/19/2022,12:45:00 pm,0,0.084,18.30
8/19/2022,01:00:00 pm,0,0.085,18.30
8/19/2022,01:15:00 pm,0,0.085,18.40
8/19/2022,01:30:00 pm,0,0.085,18.40
8/19/2022,01:45:00 pm,0,0.085,18.50
8/19/2022,02:00:00 pm,0,0.085,18.50
8/19/2022,02:15:00 pm,0,0.084,18.50
8/19/2022,02:30:00 pm,0,0.083,18.60
8/19/2022,02:45:00 pm,0,0.081,18.60
8/19/2022,03:00:00 pm,0,0.082,18.70
8/19/2022,03:15:00 pm,0,0.083,18.70
8/19/2022,03:30:00 pm,0,0.082,18.70
8/19/2022,03:45:00 pm,0,0.084,18.80
8/19/2022,04:00:00 pm,0,0.084,18.80
8/19/2022,04:15:00 pm,0,0.084,18.90
8/19/2022,04:30:00 pm,0,0.085,18.90
8/19/2022,04:45:00 pm,0,0.083,18.90
8/19/2022,05:00:00 pm,0,0.085,19.00
8/19/2022,05:15:00 pm,0,0.083,19.00
8/19/2022,05:30:00 pm,0,0.084,19.00
8/19/2022,05:45:00 pm,0,0.084,19.10
8/19/2022,06:00:00 pm,0,0.083,19.10
8/19/2022,06:15:00 pm,0,0.083,19.10
8/19/2022,06:30:00 pm,0,0.085,19.20
8/19/2022,06:45:00 pm,0,0.085,19.20
8/19/2022,07:00:00 pm,0,0.085,19.20
8/19/2022,07:15:00 pm,0,0.083,19.20
8/19/2022,07:30:00 pm,0,0.085,19.20
8/19/2022,07:45:00 pm,0,0.085,19.30
8/19/2022,08:00:00 pm,0,0.086,19.30
8/19/2022,08:15:00 pm,0,0.085,19.30
8/19/2022,08:30:00 pm,0,0.083,19.30
8/19/2022,08:45:00 pm,0,0.085,19.30
8/19/2022,09:00:00 pm,0,0.083,19.30
8/19/2022,09:15:00 pm,0,0.084,19.30
8/19/2022,09:30:00 pm,0,0.083,19.30
8/19/2022,09:45:00 pm,0,0.083,19.30
8/19/2022,10:00:00 pm,0,0.084,19.30
8/19/2022,10:15:00 pm,0,0.084,19.30
8/19/2022,10:30:00 pm,0,0.083,19.30
8/19/2022,10:45:00 pm,0,0.083,19.30
8/19/2022,11:00:00 pm,0,0.081,19.20
8/19/2022,11:15:00 pm,0,0.081,19.20
8/19/2022,11:30:00 pm,0,0.082,19.20
8/19/2022,11:45:00 pm,0,0.081,19.20
8/20/2022,12:00:00 am,0,0.081,19.20
8/20/2022,12:15:00 am,0,0.082,19.20
8/20/2022,12:30:00 am,0,0.081,19.20
8/20/2022,12:45:00 am,0,0.081,19.10
8/20/2022,01:00:00 am,0,0.080,19.10
8/20/2022,01:15:00 am,0,0.081,19.10
8/20/2022,01:30:00 am,0,0.081,19.10
8/20/2022,01:45:00 am,0,0.082,19.10
8/20/2022,02:00:00 am,0,0.080,19.00
8/20/2022,02:15:00 am,0,0.080,19.00
8/20/2022,02:30:00 am,0,0.082,19.00
8/20/2022,02:45:00 am,0,0.082,19.00
8/20/2022,03:00:00 am,0,0.080,19.00
8/20/2022,03:15:00 am,0,0.079,18.90
8/20/2022,03:30:00 am,0,0.081,18.90
8/20/2022,03:45:00 am,0,0.080,18.90
8/20/2022,04:00:00 am,0,0.081,18.90
8/20/2022,04:15:00 am,0,0.078,18.80
8/20/2022,04:30:00 am,0,0.079,18.80
8/20/2022,04:45:00 am,0,0.079,18.80
8/20/2022,05:00:00 am,0,0.078,18.80
8/20/2022,05:15:00 am,0,0.078,18.80
8/20/2022,05:30:00 am,0,0.079,18.70
8/20/2022,05:45:00 am,0,0.078,18.70
8/20/2022,06:00:00 am,0,0.080,18.70
8/20/2022,06:15:00 am,0,0.078,18.70
8/20/2022,06:30:00 am,0,0.079,18.70
8/20/2022,06:45:00 am,0,0.077,18.70
8/20/2022,07:00:00 am,0,0.075,18.70
8/20/2022,07:15:00 am,0,0.076,18.60
8/20/2022,07:30:00 am,0,0.075,18.60
8/20/2022,07:45:00 am,0,0.073,18.60
8/20/2022,08:00:00 am,0,0.072,18.60
8/20/2022,08:15:00 am,0,0.074,18.60
8/20/2022,08:30:00 am,0,0.075,18.60
8/20/2022,08:45:00 am,0,0.073,18.60
8/20/2022,09:00:00 am,0,0.073,18.60
8/20/2022,09:15:00 am,0,0.072,18.60
8/20/2022,09:30:00 am,0,0.072,18.60
8/20/2022,09:45:00 am,0,0.071,18.60
8/20/2022,10:00:00 am,0,0.072,18.60
8/20/2022,10:15:00 am,0,0.071,18.60
8/20/2022,10:30:00 am,0,0.070,18.60
8/20/2022,10:45:00 am,0,0.072,18.60
8/20/2022,11:00:00 am,0,0.070,18.60
8/20/2022,11:15:00 am,0,0.072,18.60
8/20/2022,11:30:00 am,0,0.069,18.60
8/20/2022,11:45:00 am,0,0.071,18.60
8/20/2022,12:00:00 pm,0,0.072,18.60
8/20/2022,12:15:00 pm,0,0.073,18.70
8/20/2022,12:30:00 pm,0,0.074,18.70
8/20/2022,12:45:00 pm,0,0.072,18.70
8/20/2022,01:00:00 pm,0,0.072,18.70
8/20/2022,01:15:00 pm,0,0.070,18.70
8/20/2022,01:30:00 pm,0,0.068,18.70
8/20/2022,01:45:00 pm,0,0.070,18.70
8/20/2022,02:00:00 pm,0,0.069,18.70
8/20/2022,02:15:00 pm,0,0.071,18.80
8/20/2022,02:30:00 pm,0,0.070,18.80
8/20/2022,02:45:00 pm,0,0.070,18.80
8/20/2022,03:00:00 pm,0,0.072,18.90
8/20/2022,03:15:00 pm,0,0.071,18.90
8/20/2022,03:30:00 pm,0,0.069,18.90
8/20/2022,03:45:00 pm,0,0.068,18.90
8/20/2022,04:00:00 pm,0,0.069,18.90
8/20/2022,04:15:00 pm,0,0.069,19.00
8/20/2022,04:30:00 pm,0,0.070,19.00
8/20/2022,04:45:00 pm,0,0.071,19.00
8/20/2022,05:00:00 pm,0,0.071,19.10
8/20/2022,05:15:00 pm,0,0.073,19.10
8/20/2022,05:30:00 pm,0,0.071,19.10
8/20/2022,05:45:00 pm,0,0.073,19.20
8/20/2022,06:00:00 pm,0,0.073,19.20
8/20/2022,06:15:00 pm,0,0.071,19.20
8/20/2022,06:30:00 pm,0,0.071,19.30
8/20/2022,06:45:00 pm,0,0.073,19.30
8/20/2022,07:00:00 pm,0,0.073,19.30
8/20/2022,07:15:00 pm,0,0.070,19.30
8/20/2022,07:30:00 pm,0,0.072,19.30
8/20/2022,07:45:00 pm,0,0.070,19.30
8/20/2022,08:00:00 pm,0,0.070,19.30
8/20/2022,08:15:00 pm,0,0.069,19.30
8/20/2022,08:30:00 pm,0,0.070,19.30
8/20/2022,08:45:00 pm,0,0.069,19.30
8/20/2022,09:00:00 pm,0,0.071,19.30
8/20/2022,09:15:00 pm,0,0.069,19.30
8/20/2022,09:30:00 pm,0,0.069,19.40
8/20/2022,09:45:00 pm,0,0.070,19.30
8/20/2022,10:00:00 pm,0,0.069,19.30
8/20/2022,10:15:00 pm,0,0.071,19.30
8/20/2022,10:30:00 pm,0,0.069,19.30
8/20/2022,10:45:00 pm,0,0.069,19.30
8/20/2022,11:00:00 pm,0,0.069,19.20
8/20/2022,11:15:00 pm,0,0.068,19.20
8/20/2022,11:30:00 pm,0,0.068,19.20
8/20/2022,11:45:00 pm,0,0.069,19.20
8/21/2022,12:00:00 am,0,0.069,19.20
8/21/2022,12:15:00 am,0,0.069,19.20
8/21/2022,12:30:00 am,0,0.068,19.10
8/21/2022,12:45:00 am,0,0.069,19.10
8/21/2022,01:00:00 am,0,0.069,19.10
8/21/2022,01:15:00 am,0,0.067,19.10
8/21/2022,01:30:00 am,0,0.069,19.10
8/21/2022,01:45:00 am,0,0.070,19.10
8/21/2022,02:00:00 am,0,0.068,19.00
8/21/2022,02:15:00 am,0,0.068,19.00
8/21/2022,02:30:00 am,0,0.070,19.00
8/21/2022,02:45:00 am,0,0.070,19.00
8/21/2022,03:00:00 am,0,0.067,19.00
8/21/2022,03:15:00 am,0,0.068,19.00
8/21/2022,03:30:00 am,0,0.070,19.00
8/21/2022,03:45:00 am,0,0.067,18.90
8/21/2022,04:00:00 am,0,0.067,18.90
8/21/2022,04:15:00 am,0,0.069,18.90
8/21/2022,04:30:00 am,0,0.069,18.90
8/21/2022,04:45:00 am,0,0.067,18.90
8/21/2022,05:00:00 am,0,0.069,18.90
8/21/2022,05:15:00 am,0,0.068,18.90
8/21/2022,05:30:00 am,0,0.066,18.80
8/21/2022,05:45:00 am,0,0.068,18.80
8/21/2022,06:00:00 am,0,0.068,18.80
8/21/2022,06:15:00 am,0,0.066,18.80
8/21/2022,06:30:00 am,0,0.065,18.80
8/21/2022,06:45:00 am,0,0.067,18.80
8/21/2022,07:00:00 am,0,0.065,18.80
8/21/2022,07:15:00 am,0,0.065,18.80
8/21/2022,07:30:00 am,0,0.064,18.70
8/21/2022,07:45:00 am,0,0.063,18.70
8/21/2022,08:00:00 am,0,0.065,18.70
8/21/2022,08:15:00 am,0,0.062,18.70
8/21/2022,08:30:00 am,0,0.063,18.70
8/21/2022,08:45:00 am,0,0.062,18.70
8/21/2022,09:00:00 am,0,0.063,18.70
8/21/2022,09:15:00 am,0,0.061,18.70
8/21/2022,09:30:00 am,0,0.062,18.70
8/21/2022,09:45:00 am,0,0.062,18.70
8/21/2022,10:00:00 am,0,0.062,18.70
8/21/2022,10:15:00 am,0,0.060,18.70
8/21/2022,10:30:00 am,0,0.059,18.70
8/21/2022,10:45:00 am,0,0.062,18.70
8/21/2022,11:00:00 am,0,0.059,18.70
8/21/2022,11:15:00 am,0,0.059,18.70
8/21/2022,11:30:00 am,0,0.060,18.70
8/21/2022,11:45:00 am,0,0.060,18.70
8/21/2022,12:00:00 pm,0,0.061,18.80
8/21/2022,12:15:00 pm,0,0.058,18.80
8/21/2022,12:30:00 pm,0,0.059,18.80
8/21/2022,12:45:00 pm,0,0.060,18.80
8/21/2022,01:00:00 pm,0,0.057,18.80
8/21/2022,01:15:00 pm,0,0.056,18.80
8/21/2022,01:30:00 pm,0,0.058,18.90
8/21/2022,01:45:00 pm,0,0.056,18.90
8/21/2022,02:00:00 pm,0,0.056,18.90
8/21/2022,02:15:00 pm,0,0.057,18.90
8/21/2022,02:30:00 pm,0,0.057,19.00
8/21/2022,02:45:00 pm,0,0.056,19.00
8/21/2022,03:00:00 pm,0,0.056,19.00
8/21/2022,03:15:00 pm,0,0.057,19.00
8/21/2022,03:30:00 pm,0,0.057,19.10
8/21/2022,03:45:00 pm,0,0.059,19.10
8/21/2022,04:00:00 pm,0,0.058,19.10
8/21/2022,04:15:00 pm,0,0.059,19.10
8/21/2022,04:30:00 pm,0,0.060,19.20
8/21/2022,04:45:00 pm,0,0.058,19.20
8/21/2022,05:00:00 pm,0,0.058,19.20
8/21/2022,05:15:00 pm,0,0.058,19.20
8/21/2022,05:30:00 pm,0,0.061,19.30
8/21/2022,05:45:00 pm,0,0.060,19.30
8/21/2022,06:00:00 pm,0,0.059,19.30
8/21/2022,06:15:00 pm,0,0.058,19.30
8/21/2022,06:30:00 pm,0,0.059,19.30
8/21/2022,06:45:00 pm,0,0.060,19.40
8/21/2022,07:00:00 pm,0,0.061,19.40
8/21/2022,07:15:00 pm,0,0.060,19.40
8/21/2022,07:30:00 pm,0,0.059,19.40
8/21/2022,07:45:00 pm,0,0.060,19.40
8/21/2022,08:00:00 pm,0,0.057,19.40
8/21/2022,08:15:00 pm,0,0.058,19.40
8/21/2022,08:30:00 pm,0,0.060,19.40
8/21/2022,08:45:00 pm,0,0.057,19.40
8/21/2022,09:00:00 pm,0,0.058,19.40
8/21/2022,09:15:00 pm,0,0.057,19.40
8/21/2022,09:30:00 pm,0,0.059,19.40
8/21/2022,09:45:00 pm,0,0.057,19.30
8/21/2022,10:00:00 pm,0,0.056,19.30
8/21/2022,10:15:00 pm,0,0.057,19.30
8/21/2022,10:30:00 pm,0,0.057,19.30
8/21/2022,10:45:00 pm,0,0.057,19.30
8/21/2022,11:00:00 pm,0,0.056,19.30
8/21/2022,11:15:00 pm,0,0.055,19.20
8/21/2022,11:30:00 pm,0,0.056,19.20
8/21/2022,11:45:00 pm,0,0.057,19.20
8/22/2022,12:00:00 am,0,0.056,19.20
8/22/2022,12:15:00 am,0,0.056,19.10
8/22/2022,12:30:00 am,0,0.054,19.10
8/22/2022,12:45:00 am,0,0.055,19.10
8/22/2022,01:00:00 am,0,0.055,19.00
8/22/2022,01:15:00 am,0,0.055,19.00
8/22/2022,01:30:00 am,0,0.055,19.00
8/22/2022,01:45:00 am,0,0.055,19.00
8/22/2022,02:00:00 am,0,0.053,18.90
8/22/2022,02:15:00 am,0,0.053,18.90
8/22/2022,02:30:00 am,0,0.056,18.90
8/22/2022,02:45:00 am,0,0.053,18.80
8/22/2022,03:00:00 am,0,0.054,18.80
8/22/2022,03:15:00 am,0,0.054,18.80
8/22/2022,03:30:00 am,0,0.054,18.70
8/22/2022,03:45:00 am,0,0.054,18.70
8/22/2022,04:00:00 am,0,0.054,18.70
8/22/2022,04:15:00 am,0,0.053,18.70
8/22/2022,04:30:00 am,0,0.053,18.60
8/22/2022,04:45:00 am,0,0.053,18.60
8/22/2022,05:00:00 am,0,0.053,18.60
8/22/2022,05:15:00 am,0,0.053,18.60
8/22/2022,05:30:00 am,0,0.050,18.50
8/22/2022,05:45:00 am,0,0.052,18.50
8/22/2022,06:00:00 am,0,0.050,18.50
8/22/2022,06:15:00 am,0,0.051,18.40
8/22/2022,06:30:00 am,0,0.049,18.40
8/22/2022,06:45:00 am,0,0.050,18.40
8/22/2022,07:00:00 am,0,0.049,18.40
8/22/2022,07:15:00 am,0,0.049,18.40
8/22/2022,07:30:00 am,0,0.048,18.40
8/22/2022,07:45:00 am,0,0.047,18.30
8/22/2022,08:00:00 am,0,0.047,18.30
8/22/2022,08:15:00 am,0,0.046,18.30
8/22/2022,08:30:00 am,0,0.047,18.30
8/22/2022,08:45:00 am,0,0.047,18.30
8/22/2022,09:00:00 am,0,0.046,18.30
8/22/2022,09:15:00 am,0,0.046,18.30
8/22/2022,09:30:00 am,0,0.044,18.30
8/22/2022,09:45:00 am,0,0.046,18.30
8/22/2022,10:00:00 am,0,0.045,18.40
8/22/2022,10:15:00 am,0,0.044,18.40
8/22/2022,10:30:00 am,0,0.043,18.40
8/22/2022,10:45:00 am,0,0.045,18.40
8/22/2022,11:00:00 am,0,0.044,18.40
8/22/2022,11:15:00 am,0,0.044,18.40
8/22/2022,11:30:00 am,0,0.042,18.40
8/22/2022,11:45:00 am,0,0.044,18.40
8/22/2022,12:00:00 pm,0,0.042,18.40
8/22/2022,12:15:00 pm,0,0.043,18.50
8/22/2022,12:30:00 pm,0,0.042,18.50
8/22/2022,12:45:00 pm,0,0.042,18.50
8/22/2022,01:00:00 pm,0,0.041,18.50
8/22/2022,01:15:00 pm,0,0.041,18.60
8/22/2022,01:30:00 pm,0,0.041,18.60
8/22/2022,01:45:00 pm,0,0.043,18.60
8/22/2022,02:00:00 pm,0,0.043,18.70
8/22/2022,02:15:00 pm,0,0.040,18.70
8/22/2022,02:30:00 pm,0,0.041,18.70
8/22/2022,02:45:00 pm,0,0.042,18.80
8/22/2022,03:00:00 pm,0,0.040,18.80
8/22/2022,03:15:00 pm,0,0.041,18.80
8/22/2022,03:30:00 pm,0,0.041,18.90
8/22/2022,03:45:00 pm,0,0.038,18.90
8/22/2022,04:00:00 pm,0,0.039,18.90
8/22/2022,04:15:00 pm,0,0.042,19.00
8/22/2022,04:30:00 pm,0,0.042,19.00
8/22/2022,04:45:00 pm,0,0.041,19.00
8/22/2022,05:00:00 pm,0,0.044,19.10
8/22/2022,05:15:00 pm,0,0.042,19.10
8/22/2022,05:30:00 pm,0,0.042,19.10
8/22/2022,05:45:00 pm,0,0.042,19.20
8/22/2022,06:00:00 pm,0,0.042,19.20
8/22/2022,06:15:00 pm,0,0.041,19.20
8/22/2022,06:30:00 pm,0,0.041,19.20
8/22/2022,06:45:00 pm,0,0.040,19.20
8/22/2022,07:00:00 pm,0,0.044,19.30
8/22/2022,07:15:00 pm,0,0.041,19.30
8/22/2022,07:30:00 pm,0,0.041,19.30
8/22/2022,07:45:00 pm,0,0.040,19.30
8/22/2022,08:00:00 pm,0,0.040,19.30
8/22/2022,08:15:00 pm,0,0.039,19.30
8/22/2022,08:30:00 pm,0,0.040,19.30
8/22/2022,08:45:00 pm,0,0.039,19.30
8/22/2022,09:00:00 pm,0,0.041,19.30
8/22/2022,09:15:00 pm,0,0.040,19.30
8/22/2022,09:30:00 pm,0,0.039,19.30
8/22/2022,09:45:00 pm,0,0.040,19.20
8/22/2022,10:00:00 pm,0,0.040,19.20
8/22/2022,10:15:00 pm,0,0.040,19.20
8/22/2022,10:30:00 pm,0,0.038,19.20
8/22/2022,10:45:00 pm,0,0.038,19.20
8/22/2022,11:00:00 pm,0,0.038,19.10
8/22/2022,11:15:00 pm,0,0.039,19.10
8/22/2022,11:30:00 pm,0,0.037,19.10
8/22/2022,11:45:00 pm,0,0.039,19.00
8/23/2022,12:00:00 am,0,0.039,19.00
8/23/2022,12:15:00 am,0,0.039,19.00
8/23/2022,12:30:00 am,0,0.037,18.90
8/23/2022,12:45:00 am,0,0.038,18.90
8/23/2022,01:00:00 am,0,0.038,18.80
8/23/2022,01:15:00 am,0,0.039,18.80
8/23/2022,01:30:00 am,0,0.037,18.80
8/23/2022,01:45:00 am,0,0.037,18.70
8/23/2022,02:00:00 am,0,0.037,18.70
8/23/2022,02:15:00 am,0,0.038,18.70
8/23/2022,02:30:00 am,0,0.036,18.60
8/23/2022,02:45:00 am,0,0.037,18.60
8/23/2022,03:00:00 am,0,0.036,18.50
8/23/2022,03:15:00 am,0,0.034,18.50
8/23/2022,03:30:00 am,0,0.034,18.50
8/23/2022,03:45:00 am,0,0.035,18.40
8/23/2022,04:00:00 am,0,0.035,18.40
8/23/2022,04:15:00 am,0,0.035,18.30
8/23/2022,04:30:00 am,0,0.035,18.30
8/23/2022,04:45:00 am,0,0.036,18.30
8/23/2022,05:00:00 am,0,0.033,18.20
8/23/2022,05:15:00 am,0,0.034,18.20
8/23/2022,05:30:00 am,0,0.033,18.10
8/23/2022,05:45:00 am,0,0.033,18.10
8/23/2022,06:00:00 am,0,0.032,18.00
8/23/2022,06:15:00 am,0,0.032,18.00
8/23/2022,06:30:00 am,0,0.033,18.00
8/23/2022,06:45:00 am,0,0.031,17.90
8/23/2022,07:00:00 am,0,0.030,17.90
8/23/2022,07:15:00 am,0,0.031,17.90
8/23/2022,07:30:00 am,0,0.031,17.90
8/23/2022,07:45:00 am,0,0.028,17.90
8/23/2022,08:00:00 am,0,0.027,17.90
8/23/2022,08:15:00 am,0,0.030,17.90
8/23/2022,08:30:00 am,0,0.029,17.90
8/23/2022,08:45:00 am,0,0.028,17.90
8/23/2022,09:00:00 am,0,0.027,17.90
8/23/2022,09:15:00 am,0,0.028,17.90
8/23/2022,09:30:00 am,0,0.026,18.00
8/23/2022,09:45:00 am,0,0.028,18.00
8/23/2022,10:00:00 am,0,0.026,18.00
8/23/2022,10:15:00 am,0,0.024,18.00
8/23/2022,10:30:00 am,0,0.025,18.00
8/23/2022,10:45:00 am,0,0.028,18.10
8/23/2022,11:00:00 am,0,0.027,18.10
8/23/2022,11:15:00 am,0,0.026,18.10
8/23/2022,11:30:00 am,0,0.026,18.10
8/23/2022,11:45:00 am,0,0.027,18.20
8/23/2022,12:00:00 pm,0,0.024,18.20
8/23/2022,12:15:00 pm,0,0.025,18.20
8/23/2022,12:30:00 pm,0,0.027,18.30
8/23/2022,12:45:00 pm,0,0.024,18.30
8/23/2022,01:00:00 pm,0,0.026,18.40
8/23/2022,01:15:00 pm,0,0.025,18.40
8/23/2022,01:30:00 pm,0,0.025,18.40
8/23/2022,01:45:00 pm,0,0.025,18.50
8/23/2022,02:00:00 pm,0,0.023,18.50
8/23/2022,02:15:00 pm,0,0.022,18.50
8/23/2022,02:30:00 pm,0,0.023,18.60
8/23/2022,02:45:00 pm,0,0.025,18.60
8/23/2022,03:00:00 pm,0,0.022,18.70
8/23/2022,03:15:00 pm,0,0.023,18.70
8/23/2022,03:30:00 pm,0,0.022,18.70
8/23/2022,03:45:00 pm,0,0.022,18.80
8/23/2022,04:00:00 pm,0,0.020,18.80
8/23/2022,04:15:00 pm,0,0.022,18.80
8/23/2022,04:30:00 pm,0,0.025,18.90
8/23/2022,04:45:00 pm,0,0.026,18.90
8/23/2022,05:00:00 pm,0,0.024,18.90
8/23/2022,05:15:00 pm,0,0.024,19.00
8/23/2022,05:30:00 pm,0,0.025,19.00
8/23/2022,05:45:00 pm,0,0.025,19.00
8/23/2022,06:00:00 pm,0,0.022,19.00
8/23/2022,06:15:00 pm,0,0.026,19.10
8/23/2022,06:30:00 pm,0,0.023,19.10
8/23/2022,06:45:00 pm,0,0.023,19.10
8/23/2022,07:00:00 pm,0,0.024,19.10
8/23/2022,07:15:00 pm,0,0.023,19.10
8/23/2022,07:30:00 pm,0,0.023,19.10
8/23/2022,07:45:00 pm,0,0.022,19.10
8/23/2022,08:00:00 pm,0,0.023,19.10
8/23/2022,08:15:00 pm,0,0.022,19.10
8/23/2022,08:30:00 pm,0,0.023,19.10
8/23/2022,08:45:00 pm,0,0.022,19.10
8/23/2022,09:00:00 pm,0,0.021,19.10
8/23/2022,09:15:00 pm,0,0.023,19.10
8/23/2022,09:30:00 pm,0,0.022,19.10
8/23/2022,09:45:00 pm,0,0.023,19.10
8/23/2022,10:00:00 pm,0,0.020,19.00
8/23/2022,10:15:00 pm,0,0.019,19.00
8/23/2022,10:30:00 pm,0,0.021,19.00
8/23/2022,10:45:00 pm,0,0.020,19.00
8/23/2022,11:00:00 pm,0,0.019,18.90
8/23/2022,11:15:00 pm,0,0.020,18.90
8/23/2022,11:30:00 pm,0,0.019,18.90
8/23/2022,11:45:00 pm,0,0.018,18.90
8/24/2022,12:00:00 am,0,0.017,18.80
8/24/2022,12:15:00 am,0,0.017,18.80
8/24/2022,12:30:00 am,0,0.019,18.80
8/24/2022,12:45:00 am,0,0.019,18.70
8/24/2022,01:00:00 am,0,0.018,18.70
8/24/2022,01:15:00 am,0,0.018,18.70
8/24/2022,01:30:00 am,0,0.016,18.60
8/24/2022,01:45:00 am,0,0.019,18.60
8/24/2022,02:00:00 am,0,0.019,18.60
8/24/2022,02:15:00 am,0,0.018,18.50
8/24/2022,02:30:00 am,0,0.017,18.50
8/24/2022,02:45:00 am,0,0.017,18.40
8/24/2022,03:00:00 am,0,0.016,18.40
8/24/2022,03:15:00 am,0,0.015,18.30
8/24/2022,03:30:00 am,0,0.015,18.30
8/24/2022,03:45:00 am,0,0.018,18.30
8/24/2022,04:00:00 am,0,0.014,18.20
8/24/2022,04:15:00 am,0,0.015,18.20
8/24/2022,04:30:00 am,0,0.015,18.10
8/24/2022,04:45:00 am,0,0.016,18.10
8/24/2022,05:00:00 am,0,0.016,18.10
8/24/2022,05:15:00 am,0,0.015,18.00
8/24/2022,05:30:00 am,0,0.014,18.00
8/24/2022,05:45:00 am,0,0.014,17.90
8/24/2022,06:00:00 am,0,0.013,17.90
8/24/2022,06:15:00 am,0,0.012,17.90
8/24/2022,06:30:00 am,0,0.015,17.90
8/24/2022,06:45:00 am,0,0.013,17.80
8/24/2022,07:00:00 am,0,0.012,17.80
8/24/2022,07:15:00 am,0,0.010,17.80
8/24/2022,07:30:00 am,0,0.012,17.80
8/24/2022,07:45:00 am,0,0.010,17.80
8/24/2022,08:00:00 am,0,0.008,17.80
8/24/2022,08:15:00 am,0,0.011,17.90
8/24/2022,08:30:00 am,0,0.009,17.90
8/24/2022,08:45:00 am,0,0.007,17.90
8/24/2022,09:00:00 am,0,0.008,17.90
8/24/2022,09:15:00 am,0,0.008,17.90
8/24/2022,09:30:00 am,0,0.008,18.00
8/24/2022,09:45:00 am,0,0.010,18.00
8/24/2022,10:00:00 am,0,0.008,18.00
8/24/2022,10:15:00 am,0,0.007,18.00
8/24/2022,10:30:00 am,0,0.007,18.10
8/24/2022,10:45:00 am,0,0.007,18.10
8/24/2022,11:00:00 am,0,0.006,18.10
8/24/2022,11:15:00 am,0,0.006,18.20
8/24/2022,11:30:00 am,0,0.006,18.20
8/24/2022,11:45:00 am,0,0.008,18.30
8/24/2022,12:00:00 pm,0,0.004,18.30
8/24/2022,12:15:00 pm,0,0.009,18.40
8/24/2022,12:30:00 pm,0,0.008,18.40
8/24/2022,12:45:00 pm,0,0.009,18.50
8/24/2022,01:00:00 pm,0,0.008,18.50
8/24/2022,01:15:00 pm,0,0.005,18.50
8/24/2022,01:30:00 pm,0,0.006,18.60
8/24/2022,01:45:00 pm,0,0.006,18.60
8/24/2022,02:00:00 pm,0,0.008,18.70
8/24/2022,02:15:00 pm,0,0.009,18.70
8/24/2022,02:30:00 pm,0,0.009,18.80
8/24/2022,02:45:00 pm,0,0.008,18.80
8/24/2022,03:00:00 pm,0,0.008,18.80
8/24/2022,03:15:00 pm,0,0.007,18.90
8/24/2022,03:30:00 pm,0,0.005,18.90
8/24/2022,03:45:00 pm,0,0.002,18.90
8/24/2022,04:00:00 pm,0,0.003,19.00
8/24/2022,04:15:00 pm,0,0.003,19.00
8/24/2022,04:30:00 pm,0,0.008,19.10
8/24/2022,04:45:00 pm,0,0.008,19.10
8/24/2022,05:00:00 pm,0,0.006,19.10
8/24/2022,05:15:00 pm,0,0.007,19.20
8/24/2022,05:30:00 pm,0,0.007,19.20
8/24/2022,05:45:00 pm,0,0.008,19.20
8/24/2022,06:00:00 pm,0,0.007,19.20
8/24/2022,06:15:00 pm,0,0.008,19.30
8/24/2022,06:30:00 pm,0,0.007,19.30
8/24/2022,06:45:00 pm,0,0.007,19.30
8/24/2022,07:00:00 pm,0,0.007,19.30
8/24/2022,07:15:00 pm,0,0.008,19.30
8/24/2022,07:30:00 pm,0,0.007,19.30
8/24/2022,07:45:00 pm,0,0.006,19.30
8/24/2022,08:00:00 pm,0,0.006,19.30
8/24/2022,08:15:00 pm,0,0.006,19.30
8/24/2022,08:30:00 pm,0,0.005,19.30
8/24/2022,08:45:00 pm,0,0.007,19.30
8/24/2022,09:00:00 pm,0,0.006,19.30
8/24/2022,09:15:00 pm,0,0.004,19.30
8/24/2022,09:30:00 pm,0,0.007,19.30
8/24/2022,09:45:00 pm,0,0.005,19.30
8/24/2022,10:00:00 pm,0,0.005,19.30
8/24/2022,10:15:00 pm,0,0.005,19.30
8/24/2022,10:30:00 pm,0,0.003,19.20
8/24/2022,10:45:00 pm,0,0.005,19.20
8/24/2022,11:00:00 pm,0,0.005,19.20
8/24/2022,11:15:00 pm,0,0.005,19.20
8/24/2022,11:30:00 pm,0,0.005,19.20
8/24/2022,11:45:00 pm,0,0.001,19.10
8/25/2022,12:00:00 am,0,0.001,19.10
8/25/2022,12:15:00 am,0,0.000,19.10
8/25/2022,12:30:00 am,0,0.003,19.10
8/25/2022,12:45:00 am,0,0.001,19.10
8/25/2022,01:00:00 am,0,0.000,19.00
8/25/2022,01:15:00 am,0,0.001,19.00
8/25/2022,01:30:00 am,0,-0.001,19.00
8/25/2022,01:45:00 am,0,-0.001,19.00
8/25/2022,02:00:00 am,0,-0.003,18.90
8/25/2022,02:15:00 am,0,-0.003,18.90
8/25/2022,02:30:00 am,0,0.000,18.90
8/25/2022,02:45:00 am,0,0.002,18.90
8/25/2022,03:00:00 am,0,0.012,18.80
8/25/2022,03:15:00 am,0,0.012,18.80
8/25/2022,03:30:00 am,0,0.011,18.80
8/25/2022,03:45:00 am,0,0.011,18.70
8/25/2022,04:00:00 am,0,0.012,18.70
8/25/2022,04:15:00 am,0,0.012,18.60
8/25/2022,04:30:00 am,0,0.011,18.60
8/25/2022,04:45:00 am,0,0.011,18.60
8/25/2022,05:00:00 am,0,0.014,18.60
8/25/2022,05:15:00 am,0,0.012,18.50
8/25/2022,05:30:00 am,0,0.012,18.50
8/25/2022,05:45:00 am,0,0.013,18.40
8/25/2022,06:00:00 am,0,0.012,18.40
8/25/2022,06:15:00 am,0,0.011,18.30
8/25/2022,06:30:00 am,0,0.009,18.30
8/25/2022,06:45:00 am,0,0.011,18.30
8/25/2022,07:00:00 am,0,0.009,18.30
8/25/2022,07:15:00 am,0,0.009,18.40
8/25/2022,07:30:00 am,0,0.009,18.40
8/25/2022,07:45:00 am,0,0.007,18.40
8/25/2022,08:00:00 am,0,0.009,18.40
8/25/2022,08:15:00 am,0,0.008,18.40
8/25/2022,08:30:00 am,0,0.006,18.40
8/25/2022,08:45:00 am,0,0.008,18.40
8/25/2022,09:00:00 am,0,0.007,18.40
8/25/2022,09:15:00 am,0,0.008,18.40
8/25/2022,09:30:00 am,0,0.005,18.40
8/25/2022,09:45:00 am,0,0.007,18.50
8/25/2022,10:00:00 am,0,0.009,18.50
8/25/2022,10:15:00 am,0,0.007,18.50
8/25/2022,10:30:00 am,0,0.009,18.50
8/25/2022,10:45:00 am,0,0.007,18.50
8/25/2022,11:00:00 am,0,0.009,18.60
8/25/2022,11:15:00 am,0,0.007,18.60
8/25/2022,11:30:00 am,0,0.010,18.60
8/25/2022,11:45:00 am,0,0.008,18.60
8/25/2022,12:00:00 pm,0,0.007,18.60
8/25/2022,12:15:00 pm,0,0.007,18.60
8/25/2022,12:30:00 pm,0,0.009,18.70
8/25/2022,12:45:00 pm,0,0.008,18.70
8/25/2022,01:00:00 pm,0,0.008,18.70
8/25/2022,01:15:00 pm,0,0.007,18.70
8/25/2022,01:30:00 pm,0,0.008,18.80
8/25/2022,01:45:00 pm,0,0.006,18.80
8/25/2022,02:00:00 pm,0,0.008,18.80
8/25/2022,02:15:00 pm,0,0.009,18.90
8/25/2022,02:30:00 pm,0,0.008,18.90
8/25/2022,02:45:00 pm,0,0.008,18.90
8/25/2022,03:00:00 pm,0,0.009,19.00
8/25/2022,03:15:00 pm,0,0.007,19.00
8/25/2022,03:30:00 pm,0,0.006,19.00
8/25/2022,03:45:00 pm,0,0.008,19.10
8/25/2022,04:00:00 pm,0,0.007,19.10
8/25/2022,04:15:00 pm,0,0.008,19.20
8/25/2022,04:30:00 pm,0,0.008,19.20
8/25/2022,04:45:00 pm,0,0.007,19.20
8/25/2022,05:00:00 pm,0,0.010,19.30
8/25/2022,05:15:00 pm,0,0.010,19.30
8/25/2022,05:30:00 pm,0,0.010,19.30
8/25/2022,05:45:00 pm,0,0.012,19.30
8/25/2022,06:00:00 pm,0,0.011,19.30
8/25/2022,06:15:00 pm,0,0.013,19.40
8/25/2022,06:30:00 pm,0,0.012,19.40
8/25/2022,06:45:00 pm,0,0.013,19.40
8/25/2022,07:00:00 pm,0,0.013,19.40
8/25/2022,07:15:00 pm,0,0.011,19.40
8/25/2022,07:30:00 pm,0,0.011,19.40
8/25/2022,07:45:00 pm,0,0.013,19.40
8/25/2022,08:00:00 pm,0,0.011,19.40
8/25/2022,08:15:00 pm,0,0.011,19.40
8/25/2022,08:30:00 pm,0,0.011,19.40
8/25/2022,08:45:00 pm,0,0.013,19.40
8/25/2022,09:00:00 pm,0,0.012,19.30
8/25/2022,09:15:00 pm,0,0.012,19.30
8/25/2022,09:30:00 pm,0,0.012,19.30
8/25/2022,09:45:00 pm,0,0.011,19.30
8/25/2022,10:00:00 pm,0,0.010,19.30
8/25/2022,10:15:00 pm,0,0.010,19.30
8/25/2022,10:30:00 pm,0,0.011,19.30
8/25/2022,10:45:00 pm,0,0.012,19.30
8/25/2022,11:00:00 pm,0,0.011,19.30
8/25/2022,11:15:00 pm,0,0.011,19.30
8/25/2022,11:30:00 pm,0,0.013,19.30
8/25/2022,11:45:00 pm,0,0.013,19.30
8/26/2022,12:00:00 am,0,0.010,19.20
8/26/2022,12:15:00 am,0,0.010,19.20
8/26/2022,12:30:00 am,0,0.010,19.20
8/26/2022,12:45:00 am,0,0.011,19.20
8/26/2022,01:00:00 am,0,0.013,19.20
8/26/2022,01:15:00 am,0,0.010,19.20
8/26/2022,01:30:00 am,0,0.011,19.20
8/26/2022,01:45:00 am,0,0.012,19.20
8/26/2022,02:00:00 am,0,0.014,19.20
8/26/2022,02:15:00 am,0,0.010,19.10
8/26/2022,02:30:00 am,0,0.009,19.10
8/26/2022,02:45:00 am,0,0.012,19.10
8/26/2022,03:00:00 am,0,0.012,19.10
8/26/2022,03:15:00 am,0,0.012,19.10
8/26/2022,03:30:00 am,0,0.012,19.10
8/26/2022,03:45:00 am,0,0.012,19.10
8/26/2022,04:00:00 am,0,0.011,19.00
8/26/2022,04:15:00 am,0,0.011,19.00
8/26/2022,04:30:00 am,0,0.011,19.00
8/26/2022,04:45:00 am,0,0.014,19.00
8/26/2022,05:00:00 am,0,0.011,18.90
8/26/2022,05:15:00 am,0,0.010,18.90
8/26/2022,05:30:00 am,0,0.012,18.90
8/26/2022,05:45:00 am,0,0.012,18.90
8/26/2022,06:00:00 am,0,0.011,18.90
8/26/2022,06:15:00 am,0,0.011,18.80
8/26/2022,06:30:00 am,0,0.012,18.80
8/26/2022,06:45:00 am,0,0.011,18.80
8/26/2022,07:00:00 am,0,0.013,18.80
8/26/2022,07:15:00 am,0,0.011,18.70
8/26/2022,07:30:00 am,0,0.009,18.70
8/26/2022,07:45:00 am,0,0.008,18.70
8/26/2022,08:00:00 am,0,0.008,18.70
8/26/2022,08:15:00 am,0,0.007,18.70
8/26/2022,08:30:00 am,0,0.006,18.70
8/26/2022,08:45:00 am,0,0.009,18.70
8/26/2022,09:00:00 am,0,0.008,18.80
8/26/2022,09:15:00 am,0,0.007,18.80
8/26/2022,09:30:00 am,0,0.007,18.80
8/26/2022,09:45:00 am,0,0.007,18.80
8/26/2022,10:00:00 am,0,0.008,18.80
8/26/2022,10:15:00 am,0,0.007,18.80
8/26/2022,10:30:00 am,0,0.009,18.90
8/26/2022,10:45:00 am,0,0.006,18.90
8/26/2022,11:00:00 am,0,0.006,18.90
8/26/2022,11:15:00 am,0,0.007,18.90
8/26/2022,11:30:00 am,0,0.007,19.00
8/26/2022,11:45:00 am,0,0.008,19.00
8/26/2022,12:00:00 pm,0,0.006,19.00
8/26/2022,12:15:00 pm,0,0.009,19.10
8/26/2022,12:30:00 pm,0,0.008,19.10
8/26/2022,12:45:00 pm,0,0.009,19.10
8/26/2022,01:00:00 pm,0,0.011,19.20
8/26/2022,01:15:00 pm,0,0.009,19.20
8/26/2022,01:30:00 pm,0,0.006,19.20
8/26/2022,01:45:00 pm,0,0.008,19.30
8/26/2022,02:00:00 pm,0,0.006,19.30
8/26/2022,02:15:00 pm,0,0.007,19.30
8/26/2022,02:30:00 pm,0,0.008,19.40
8/26/2022,02:45:00 pm,0,0.007,19.40
8/26/2022,03:00:00 pm,0,0.005,19.40
8/26/2022,03:15:00 pm,0,0.007,19.50
8/26/2022,03:30:00 pm,0,0.007,19.50
8/26/2022,03:45:00 pm,0,0.005,19.50
8/26/2022,04:00:00 pm,0,0.010,19.60
8/26/2022,04:15:00 pm,0,0.009,19.60
8/26/2022,04:30:00 pm,0,0.010,19.60
8/26/2022,04:45:00 pm,0,0.010,19.70
8/26/2022,05:00:00 pm,0,0.010,19.70
8/26/2022,05:15:00 pm,0,0.010,19.70
8/26/2022,05:30:00 pm,0,0.010,19.70
8/26/2022,05:45:00 pm,0,0.012,19.80
8/26/2022,06:00:00 pm,0,0.010,19.80
8/26/2022,06:15:00 pm,0,0.013,19.80
8/26/2022,06:30:00 pm,0,0.011,19.80
8/26/2022,06:45:00 pm,0,0.010,19.80
8/26/2022,07:00:00 pm,0,0.013,19.80
8/26/2022,07:15:00 pm,0,0.010,19.80
8/26/2022,07:30:00 pm,0,0.011,19.80
8/26/2022,07:45:00 pm,0,0.011,19.80
8/26/2022,08:00:00 pm,0,0.012,19.70
8/26/2022,08:15:00 pm,0,0.010,19.70
8/26/2022,08:30:00 pm,0,0.012,19.70
8/26/2022,08:45:00 pm,0,0.010,19.60
8/26/2022,09:00:00 pm,0,0.011,19.60
8/26/2022,09:15:00 pm,0,0.012,19.60
8/26/2022,09:30:00 pm,0,0.011,19.50
8/26/2022,09:45:00 pm,0,0.012,19.50
8/26/2022,10:00:00 pm,0,0.012,19.50
8/26/2022,10:15:00 pm,0,0.011,19.40
8/26/2022,10:30:00 pm,0,0.011,19.40
8/26/2022,10:45:00 pm,0,0.011,19.30
8/26/2022,11:00:00 pm,0,0.010,19.20
8/26/2022,11:15:00 pm,0,0.012,19.20
8/26/2022,11:30:00 pm,0,0.012,19.10
8/26/2022,11:45:00 pm,0,0.010,19.10
8/27/2022,12:00:00 am,0,0.011,19.00
8/27/2022,12:15:00 am,0,0.012,19.00
8/27/2022,12:30:00 am,0,0.013,18.90
8/27/2022,12:45:00 am,0,0.010,18.80
8/27/2022,01:00:00 am,0,0.013,18.80
8/27/2022,01:15:00 am,0,0.010,18.70
8/27/2022,01:30:00 am,0,0.012,18.70
8/27/2022,01:45:00 am,0,0.012,18.60
8/27/2022,02:00:00 am,0,0.013,18.60
8/27/2022,02:15:00 am,0,0.011,18.50
8/27/2022,02:30:00 am,0,0.011,18.50
8/27/2022,02:45:00 am,0,0.012,18.40
8/27/2022,03:00:00 am,0,0.012,18.40
8/27/2022,03:15:00 am,0,0.013,18.40
8/27/2022,03:30:00 am,0,0.013,18.40
8/27/2022,03:45:00 am,0,0.012,18.30
8/27/2022,04:00:00 am,0,0.012,18.30
8/27/2022,04:15:00 am,0,0.011,18.20
8/27/2022,04:30:00 am,0,0.013,18.20
8/27/2022,04:45:00 am,0,0.013,18.10
8/27/2022,05:00:00 am,0,0.012,18.10
8/27/2022,05:15:00 am,0,0.012,18.00
8/27/2022,05:30:00 am,0,0.011,18.00
8/27/2022,05:45:00 am,0,0.011,17.90
8/27/2022,06:00:00 am,0,0.011,17.90
8/27/2022,06:15:00 am,0,0.010,17.80
8/27/2022,06:30:00 am,0,0.011,17.80
8/27/2022,06:45:00 am,0,0.010,17.70
8/27/2022,07:00:00 am,0,0.011,17.70
8/27/2022,07:15:00 am,0,0.009,17.70
8/27/2022,07:30:00 am,0,0.010,17.70
8/27/2022,07:45:00 am,0,0.009,17.80
8/27/2022,08:00:00 am,0,0.008,17.80
8/27/2022,08:15:00 am,0,0.009,17.80
8/27/2022,08:30:00 am,0,0.007,17.80
8/27/2022,08:45:00 am,0,0.008,17.80
8/27/2022,09:00:00 am,0,0.005,17.80
8/27/2022,09:15:00 am,0,0.006,17.90
8/27/2022,09:30:00 am,0,0.008,17.90
8/27/2022,09:45:00 am,0,0.008,17.90
8/27/2022,10:00:00 am,0,0.008,18.00
8/27/2022,10:15:00 am,0,0.007,18.00
8/27/2022,10:30:00 am,0,0.007,18.10
8/27/2022,10:45:00 am,0,0.006,18.10
8/27/2022,11:00:00 am,0,0.006,18.20
8/27/2022,11:15:00 am,0,0.007,18.20
8/27/2022,11:30:00 am,0,0.008,18.30
8/27/2022,11:45:00 am,0,0.007,18.30
8/27/2022,12:00:00 pm,0,0.009,18.40
8/27/2022,12:15:00 pm,0,0.009,18.50
8/27/2022,12:30:00 pm,0,0.011,18.50
8/27/2022,12:45:00 pm,0,0.010,18.60
8/27/2022,01:00:00 pm,0,0.009,18.60
8/27/2022,01:15:00 pm,0,0.010,18.70
8/27/2022,01:30:00 pm,0,0.006,18.70
8/27/2022,01:45:00 pm,0,0.007,18.80
8/27/2022,02:00:00 pm,0,0.007,18.80
8/27/2022,02:15:00 pm,0,0.008,18.90
8/27/2022,02:30:00 pm,0,0.010,18.90
8/27/2022,02:45:00 pm,0,0.010,19.00
8/27/2022,03:00:00 pm,0,0.007,19.00
8/27/2022,03:15:00 pm,0,0.008,19.10
8/27/2022,03:30:00 pm,0,0.007,19.10
8/27/2022,03:45:00 pm,0,0.010,19.20
8/27/2022,04:00:00 pm,0,0.008,19.20
8/27/2022,04:15:00 pm,0,0.012,19.30
8/27/2022,04:30:00 pm,0,0.012,19.30
8/27/2022,04:45:00 pm,0,0.011,19.30
8/27/2022,05:00:00 pm,0,0.012,19.40
8/27/2022,05:15:00 pm,0,0.010,19.40
8/27/2022,05:30:00 pm,0,0.010,19.40
8/27/2022,05:45:00 pm,0,0.011,19.40
8/27/2022,06:00:00 pm,0,0.010,19.50
8/27/2022,06:15:00 pm,0,0.012,19.50
8/27/2022,06:30:00 pm,0,0.010,19.50
8/27/2022,06:45:00 pm,0,0.012,19.50
8/27/2022,07:00:00 pm,0,0.012,19.50
8/27/2022,07:15:00 pm,0,0.012,19.50
8/27/2022,07:30:00 pm,0,0.011,19.50
8/27/2022,07:45:00 pm,0,0.010,19.50
8/27/2022,08:00:00 pm,0,0.012,19.50
8/27/2022,08:15:00 pm,0,0.011,19.50
8/27/2022,08:30:00 pm,0,0.011,19.50
8/27/2022,08:45:00 pm,0,0.010,19.50
8/27/2022,09:00:00 pm,0,0.011,19.50
8/27/2022,09:15:00 pm,0,0.012,19.50
8/27/2022,09:30:00 pm,0,0.012,19.50
8/27/2022,09:45:00 pm,0,0.010,19.40
8/27/2022,10:00:00 pm,0,0.010,19.40
8/27/2022,10:15:00 pm,0,0.011,19.40
8/27/2022,10:30:00 pm,0,0.012,19.40
8/27/2022,10:45:00 pm,0,0.011,19.40
8/27/2022,11:00:00 pm,0,0.012,19.40
8/27/2022,11:15:00 pm,0,0.013,19.40
8/27/2022,11:30:00 pm,0,0.013,19.40
8/27/2022,11:45:00 pm,0,0.011,19.30
8/28/2022,12:00:00 am,0,0.012,19.30
8/28/2022,12:15:00 am,0,0.011,19.30
8/28/2022,12:30:00 am,0,0.011,19.30
8/28/2022,12:45:00 am,0,0.012,19.30
8/28/2022,01:00:00 am,0,0.012,19.30
8/28/2022,01:15:00 am,0,0.013,19.30
8/28/2022,01:30:00 am,0,0.010,19.20
8/28/2022,01:45:00 am,0,0.010,19.20
8/28/2022,02:00:00 am,0,0.010,19.20
8/28/2022,02:15:00 am,0,0.011,19.20
8/28/2022,02:30:00 am,0,0.010,19.20
8/28/2022,02:45:00 am,0,0.010,19.20
8/28/2022,03:00:00 am,0,0.011,19.20
8/28/2022,03:15:00 am,0,0.010,19.20
8/28/2022,03:30:00 am,0,0.010,19.20
8/28/2022,03:45:00 am,0,0.010,19.20
8/28/2022,04:00:00 am,0,0.011,19.20
8/28/2022,04:15:00 am,0,0.012,19.10
8/28/2022,04:30:00 am,0,0.010,19.10
8/28/2022,04:45:00 am,0,0.011,19.10
8/28/2022,05:00:00 am,0,0.011,19.10
8/28/2022,05:15:00 am,0,0.011,19.10
8/28/2022,05:30:00 am,0,0.010,19.10
8/28/2022,05:45:00 am,0,0.012,19.10
8/28/2022,06:00:00 am,0,0.010,19.10
8/28/2022,06:15:00 am,0,0.012,19.10
8/28/2022,06:30:00 am,0,0.010,19.10
8/28/2022,06:45:00 am,0,0.011,19.10
8/28/2022,07:00:00 am,0,0.010,19.10
8/28/2022,07:15:00 am,0,0.010,19.10
8/28/2022,07:30:00 am,0,0.009,19.10
8/28/2022,07:45:00 am,0,0.008,19.10
8/28/2022,08:00:00 am,0,0.010,19.10
8/28/2022,08:15:00 am,0,0.008,19.10
8/28/2022,08:30:00 am,0,0.009,19.10
8/28/2022,08:45:00 am,0,0.009,19.10
8/28/2022,09:00:00 am,0,0.009,19.20
8/28/2022,09:15:00 am,0,0.009,19.20
8/28/2022,09:30:00 am,0,0.008,19.20
8/28/2022,09:45:00 am,0,0.008,19.20
8/28/2022,10:00:00 am,0,0.008,19.30
8/28/2022,10:15:00 am,0,0.005,19.30
8/28/2022,10:30:00 am,0,0.006,19.40
8/28/2022,10:45:00 am,0,0.007,19.40
8/28/2022,11:00:00 am,0,0.006,19.50
8/28/2022,11:15:00 am,0,0.006,19.50
8/28/2022,11:30:00 am,0,0.005,19.60
8/28/2022,11:45:00 am,0,0.006,19.70
8/28/2022,12:00:00 pm,0,0.006,19.70
8/28/2022,12:15:00 pm,0,0.008,19.80
8/28/2022,12:30:00 pm,0,0.009,19.90
8/28/2022,12:45:00 pm,0,0.007,19.90
8/28/2022,01:00:00 pm,0,0.007,20.00
8/28/2022,01:15:00 pm,0,0.007,20.00
8/28/2022,01:30:00 pm,0,0.007,20.10
8/28/2022,01:45:00 pm,0,0.007,20.10
8/28/2022,02:00:00 pm,0,0.006,20.20
8/28/2022,02:15:00 pm,0,0.006,20.20
8/28/2022,02:30:00 pm,0,0.008,20.30
8/28/2022,02:45:00 pm,0,0.005,20.30
8/28/2022,03:00:00 pm,0,0.008,20.40
8/28/2022,03:15:00 pm,0,0.006,20.40
8/28/2022,03:30:00 pm,0,0.007,20.50
8/28/2022,03:45:00 pm,0,0.006,20.50
8/28/2022,04:00:00 pm,0,0.008,20.60
8/28/2022,04:15:00 pm,0,0.010,20.60
8/28/2022,04:30:00 pm,0,0.009,20.70
8/28/2022,04:45:00 pm,0,0.010,20.70
8/28/2022,05:00:00 pm,0,0.010,20.80
8/28/2022,05:15:00 pm,0,0.010,20.80
8/28/2022,05:30:00 pm,0,0.011,20.80
8/28/2022,05:45:00 pm,0,0.011,20.80
8/28/2022,06:00:00 pm,0,0.010,20.90
8/28/2022,06:15:00 pm,0,0.011,20.90
8/28/2022,06:30:00 pm,0,0.010,20.90
8/28/2022,06:45:00 pm,0,0.011,20.90
8/28/2022,07:00:00 pm,0,0.010,20.90
8/28/2022,07:15:00 pm,0,0.010,20.90
8/28/2022,07:30:00 pm,0,0.012,20.90
8/28/2022,07:45:00 pm,0,0.012,20.90
8/28/2022,08:00:00 pm,0,0.012,20.90
8/28/2022,08:15:00 pm,0,0.011,20.80
8/28/2022,08:30:00 pm,0,0.009,20.80
8/28/2022,08:45:00 pm,0,0.010,20.80
8/28/2022,09:00:00 pm,0,0.011,20.80
8/28/2022,09:15:00 pm,0,0.010,20.80
8/28/2022,09:30:00 pm,0,0.012,20.80
8/28/2022,09:45:00 pm,0,0.011,20.80
8/28/2022,10:00:00 pm,0,0.012,20.80
8/28/2022,10:15:00 pm,0,0.011,20.80
8/28/2022,10:30:00 pm,0,0.013,20.80
8/28/2022,10:45:00 pm,0,0.009,20.70
8/28/2022,11:00:00 pm,0,0.010,20.70
8/28/2022,11:15:00 pm,0,0.012,20.70
8/28/2022,11:30:00 pm,0,0.012,20.70
8/28/2022,11:45:00 pm,0,0.012,20.70
8/29/2022,12:00:00 am,0,0.012,20.70
8/29/2022,12:15:00 am,0,0.013,20.70
8/29/2022,12:30:00 am,0,0.011,20.60
8/29/2022,12:45:00 am,0,0.011,20.60
8/29/2022,01:00:00 am,0,0.011,20.60
8/29/2022,01:15:00 am,0,0.011,20.60
8/29/2022,01:30:00 am,0,0.010,20.50
8/29/2022,01:45:00 am,0,0.012,20.50
8/29/2022,02:00:00 am,0,0.011,20.50
8/29/2022,02:15:00 am,0,0.013,20.50
8/29/2022,02:30:00 am,0,0.011,20.50
8/29/2022,02:45:00 am,0,0.011,20.40
8/29/2022,03:00:00 am,0,0.011,20.40
8/29/2022,03:15:00 am,0,0.013,20.40
8/29/2022,03:30:00 am,0,0.011,20.40
8/29/2022,03:45:00 am,0,0.011,20.30
8/29/2022,04:00:00 am,0,0.010,20.30
8/29/2022,04:15:00 am,0,0.011,20.30
8/29/2022,04:30:00 am,0,0.010,20.30
8/29/2022,04:45:00 am,0,0.010,20.20
8/29/2022,05:00:00 am,0,0.011,20.20
8/29/2022,05:15:00 am,0,0.011,20.20
8/29/2022,05:30:00 am,0,0.010,20.20
8/29/2022,05:45:00 am,0,0.010,20.20
8/29/2022,06:00:00 am,0,0.009,20.20
8/29/2022,06:15:00 am,0,0.012,20.20
8/29/2022,06:30:00 am,0,0.010,20.20
8/29/2022,06:45:00 am,0,0.009,20.10
8/29/2022,07:00:00 am,0,0.009,20.10
8/29/2022,07:15:00 am,0,0.008,20.10
8/29/2022,07:30:00 am,0,0.007,20.10
8/29/2022,07:45:00 am,0,0.008,20.10
8/29/2022,08:00:00 am,0,0.008,20.10
8/29/2022,08:15:00 am,0,0.007,20.10
8/29/2022,08:30:00 am,0,0.007,20.10
8/29/2022,08:45:00 am,0,0.009,20.20
8/29/2022,09:00:00 am,0,0.008,20.20
8/29/2022,09:15:00 am,0,0.006,20.20
8/29/2022,09:30:00 am,0,0.006,20.20
8/29/2022,09:45:00 am,0,0.006,20.20
8/29/2022,10:00:00 am,0,0.008,20.30
8/29/2022,10:15:00 am,0,0.007,20.30
8/29/2022,10:30:00 am,0,0.006,20.30
8/29/2022,10:45:00 am,0,0.008,20.40
8/29/2022,11:00:00 am,0,0.005,20.40
8/29/2022,11:15:00 am,0,0.008,20.50
8/29/2022,11:30:00 am,0,0.006,20.50
8/29/2022,11:45:00 am,0,0.008,20.60
8/29/2022,12:00:00 pm,0,0.006,20.60
8/29/2022,12:15:00 pm,0,0.006,20.70
8/29/2022,12:30:00 pm,0,0.007,20.70
8/29/2022,12:45:00 pm,0,0.005,20.80
8/29/2022,01:00:00 pm,0,0.008,20.90
8/29/2022,01:15:00 pm,0,0.009,20.90
8/29/2022,01:30:00 pm,0,0.009,21.00
8/29/2022,01:45:00 pm,0,0.008,21.00
8/29/2022,02:00:00 pm,0,0.007,21.10
8/29/2022,02:15:00 pm,0,0.007,21.10
8/29/2022,02:30:00 pm,0,0.009,21.20
8/29/2022,02:45:00 pm,0,0.009,21.20
8/29/2022,03:00:00 pm,0,0.010,21.20
8/29/2022,03:15:00 pm,0,0.011,21.20
8/29/2022,03:30:00 pm,0,0.009,21.20
8/29/2022,03:45:00 pm,0,0.009,21.10
8/29/2022,04:00:00 pm,0,0.010,21.00
8/29/2022,04:15:00 pm,0,0.011,20.90
8/29/2022,04:30:00 pm,0,0.012,20.90
8/29/2022,04:45:00 pm,0,0.012,20.90
8/29/2022,05:00:00 pm,0,0.010,20.80
8/29/2022,05:15:00 pm,0,0.009,20.80
8/29/2022,05:30:00 pm,0,0.008,20.80
8/29/2022,05:45:00 pm,0,0.008,20.80
8/29/2022,06:00:00 pm,0,0.007,20.80
8/29/2022,06:15:00 pm,0,0.009,20.80
8/29/2022,06:30:00 pm,0,0.008,20.80
8/29/2022,06:45:00 pm,0,0.009,20.80
8/29/2022,07:00:00 pm,0,0.007,20.70
8/29/2022,07:15:00 pm,0,0.007,20.70
8/29/2022,07:30:00 pm,0,0.007,20.70
8/29/2022,07:45:00 pm,0,0.009,20.70
8/29/2022,08:00:00 pm,0,0.011,20.70
8/29/2022,08:15:00 pm,0,0.009,20.60
8/29/2022,08:30:00 pm,0,0.013,20.50
8/29/2022,08:45:00 pm,0,0.012,20.40
8/29/2022,09:00:00 pm,0,0.009,20.30
8/29/2022,09:15:00 pm,0,0.011,20.30
8/29/2022,09:30:00 pm,0,0.011,20.30
8/29/2022,09:45:00 pm,0,0.010,20.20
8/29/2022,10:00:00 pm,0,0.166,18.70
8/29/2022,10:15:00 pm,0,0.170,19.00
8/29/2022,10:30:00 pm,0,0.165,19.10
8/29/2022,10:45:00 pm,0,0.166,19.20
8/29/2022,11:00:00 pm,0,0.170,19.30
8/29/2022,11:15:00 pm,0,0.171,19.40
8/29/2022,11:30:00 pm,0,0.170,19.40
8/29/2022,11:45:00 pm,0,0.171,19.30
8/30/2022,12:00:00 am,0,0.174,19.30
8/30/2022,12:15:00 am,0,0.174,19.20
8/30/2022,12:30:00 am,0,0.176,19.20
8/30/2022,12:45:00 am,0,0.176,19.20
8/30/2022,01:00:00 am,0,0.175,19.20
8/30/2022,01:15:00 am,0,0.176,19.10
8/30/2022,01:30:00 am,0,0.178,19.10
8/30/2022,01:45:00 am,0,0.176,19.10
8/30/2022,02:00:00 am,0,0.176,19.10
8/30/2022,02:15:00 am,0,0.180,19.10
8/30/2022,02:30:00 am,0,0.180,19.10
8/30/2022,02:45:00 am,0,0.177,19.00
8/30/2022,03:00:00 am,0,0.176,19.00
8/30/2022,03:15:00 am,0,0.174,19.00
8/30/2022,03:30:00 am,0,0.174,19.00
8/30/2022,03:45:00 am,0,0.173,19.00
8/30/2022,04:00:00 am,0,0.173,19.00
8/30/2022,04:15:00 am,0,0.172,19.00
8/30/2022,04:30:00 am,0,0.170,18.90
8/30/2022,04:45:00 am,0,0.171,18.90
8/30/2022,05:00:00 am,0,0.171,18.90
8/30/2022,05:15:00 am,0,0.168,18.90
8/30/2022,05:30:00 am,0,0.170,18.90
8/30/2022,05:45:00 am,0,0.169,18.90
8/30/2022,06:00:00 am,0,0.167,18.90
8/30/2022,06:15:00 am,0,0.168,18.90
8/30/2022,06:30:00 am,0,0.168,18.90
8/30/2022,06:45:00 am,0,0.166,18.90
8/30/2022,07:00:00 am,0,0.168,18.90
8/30/2022,07:15:00 am,0,0.166,18.90
8/30/2022,07:30:00 am,0,0.167,18.90
8/30/2022,07:45:00 am,0,0.166,18.90
8/30/2022,08:00:00 am,0,0.166,18.90
8/30/2022,08:15:00 am,0,0.166,18.90
8/30/2022,08:30:00 am,0,0.167,18.90
8/30/2022,08:45:00 am,0,0.166,18.90
8/30/2022,09:00:00 am,0,0.163,18.90
8/30/2022,09:15:00 am,0,0.164,18.90
8/30/2022,09:30:00 am,0,0.164,18.90
8/30/2022,09:45:00 am,0,0.163,18.90
8/30/2022,10:00:00 am,0,0.162,18.90
8/30/2022,10:15:00 am,0,0.163,18.90
8/30/2022,10:30:00 am,0,0.163,18.90
8/30/2022,10:45:00 am,0,0.162,18.90
8/30/2022,11:00:00 am,0,0.161,18.90
8/30/2022,11:15:00 am,0,0.162,18.90
8/30/2022,11:30:00 am,0,0.162,18.90
8/30/2022,11:45:00 am,0,0.161,18.90
8/30/2022,12:00:00 pm,0,0.162,18.90
8/30/2022,12:15:00 pm,0,0.162,18.90
8/30/2022,12:30:00 pm,0,0.164,18.90
8/30/2022,12:45:00 pm,0,0.164,18.90
8/30/2022,01:00:00 pm,0,0.164,18.90
8/30/2022,01:15:00 pm,0,0.163,19.00
8/30/2022,01:30:00 pm,0,0.163,19.00
8/30/2022,01:45:00 pm,0,0.165,19.00
8/30/2022,02:00:00 pm,0,0.163,19.00
8/30/2022,02:15:00 pm,0,0.164,19.00
8/30/2022,02:30:00 pm,0,0.163,19.00
8/30/2022,02:45:00 pm,0,0.163,19.00
8/30/2022,03:00:00 pm,0,0.161,19.00
8/30/2022,03:15:00 pm,0,0.161,19.00
8/30/2022,03:30:00 pm,0,0.161,19.00
8/30/2022,03:45:00 pm,0,0.162,19.00
8/30/2022,04:00:00 pm,0,0.163,19.00
8/30/2022,04:15:00 pm,0,0.162,19.00
8/30/2022,04:30:00 pm,0,0.162,19.00
8/30/2022,04:45:00 pm,0,0.162,19.00
8/30/2022,05:00:00 pm,0,0.162,19.00
8/30/2022,05:15:00 pm,0,0.163,19.00
8/30/2022,05:30:00 pm,0,0.164,19.00
8/30/2022,05:45:00 pm,0,0.163,19.00
8/30/2022,06:00:00 pm,0,0.163,19.00
8/30/2022,06:15:00 pm,0,0.163,19.00
8/30/2022,06:30:00 pm,0,0.162,19.00
8/30/2022,06:45:00 pm,0,0.161,19.00
8/30/2022,07:00:00 pm,0,0.161,19.00
8/30/2022,07:15:00 pm,0,0.163,19.00
8/30/2022,07:30:00 pm,0,0.162,19.00
8/30/2022,07:45:00 pm,0,0.162,19.00
8/30/2022,08:00:00 pm,0,0.161,18.90
8/30/2022,08:15:00 pm,0,0.159,18.90
8/30/2022,08:30:00 pm,0,0.161,18.90
8/30/2022,08:45:00 pm,0,0.161,18.90
8/30/2022,09:00:00 pm,0,0.159,18.90
8/30/2022,09:15:00 pm,0,0.161,18.80
8/30/2022,09:30:00 pm,0,0.161,18.80
8/30/2022,09:45:00 pm,0,0.159,18.80
8/30/2022,10:00:00 pm,0,0.158,18.70
8/30/2022,10:15:00 pm,0,0.160,18.70
8/30/2022,10:30:00 pm,0,0.162,18.70
8/30/2022,10:45:00 pm,0,0.161,18.60
8/30/2022,11:00:00 pm,0,0.161,18.60
8/30/2022,11:15:00 pm,0,0.158,18.50
8/30/2022,11:30:00 pm,0,0.159,18.50
8/30/2022,11:45:00 pm,0,0.159,18.40
8/31/2022,12:00:00 am,0,0.160,18.40
8/31/2022,12:15:00 am,0,0.157,18.30
8/31/2022,12:30:00 am,0,0.160,18.30
8/31/2022,12:45:00 am,0,0.157,18.20
8/31/2022,01:00:00 am,0,0.158,18.20
8/31/2022,01:15:00 am,0,0.160,18.10
8/31/2022,01:30:00 am,0,0.160,18.10
8/31/2022,01:45:00 am,0,0.157,18.00
8/31/2022,02:00:00 am,0,0.159,18.00
8/31/2022,02:15:00 am,0,0.159,17.90
8/31/2022,02:30:00 am,0,0.160,17.90
8/31/2022,02:45:00 am,0,0.158,17.80
8/31/2022,03:00:00 am,0,0.158,17.80
8/31/2022,03:15:00 am,0,0.158,17.70
8/31/2022,03:30:00 am,0,0.157,17.70
8/31/2022,03:45:00 am,0,0.158,17.60
8/31/2022,04:00:00 am,0,0.158,17.60
8/31/2022,04:15:00 am,0,0.157,17.60
8/31/2022,04:30:00 am,0,0.157,17.50
8/31/2022,04:45:00 am,0,0.157,17.50
8/31/2022,05:00:00 am,0,0.156,17.40
8/31/2022,05:15:00 am,0,0.158,17.40
8/31/2022,05:30:00 am,0,0.157,17.30
8/31/2022,05:45:00 am,0,0.158,17.30
8/31/2022,06:00:00 am,0,0.157,17.20
8/31/2022,06:15:00 am,0,0.158,17.20
8/31/2022,06:30:00 am,0,0.157,17.10
8/31/2022,06:45:00 am,0,0.156,17.00
8/31/2022,07:00:00 am,0,0.155,17.00
8/31/2022,07:15:00 am,0,0.157,17.00
8/31/2022,07:30:00 am,0,0.153,16.90
8/31/2022,07:45:00 am,0,0.155,16.90
8/31/2022,08:00:00 am,0,0.154,16.90
8/31/2022,08:15:00 am,0,0.155,16.90
8/31/2022,08:30:00 am,0,0.154,16.90
8/31/2022,08:45:00 am,0,0.151,16.90
8/31/2022,09:00:00 am,0,0.151,16.90
8/31/2022,09:15:00 am,0,0.152,17.00
8/31/2022,09:30:00 am,0,0.155,17.00
8/31/2022,09:45:00 am,0,0.150,17.00
8/31/2022,10:00:00 am,0,0.149,17.00
8/31/2022,10:15:00 am,0,0.152,17.10
8/31/2022,10:30:00 am,0,0.152,17.10
8/31/2022,10:45:00 am,0,0.151,17.20
8/31/2022,11:00:00 am,0,0.152,17.20
8/31/2022,11:15:00 am,0,0.152,17.20
8/31/2022,11:30:00 am,0,0.151,17.30
8/31/2022,11:45:00 am,0,0.150,17.30
8/31/2022,12:00:00 pm,0,0.151,17.40
8/31/2022,12:15:00 pm,0,0.148,17.40
8/31/2022,12:30:00 pm,0,0.152,17.50
8/31/2022,12:45:00 pm,0,0.151,17.50
8/31/2022,01:00:00 pm,0,0.154,17.60
8/31/2022,01:15:00 pm,0,0.152,17.60
8/31/2022,01:30:00 pm,0,0.152,17.70
8/31/2022,01:45:00 pm,0,0.152,17.70
8/31/2022,02:00:00 pm,0,0.150,17.80
8/31/2022,02:15:00 pm,0,0.151,17.80
8/31/2022,02:30:00 pm,0,0.152,17.90
8/31/2022,02:45:00 pm,0,0.150,17.90
8/31/2022,03:00:00 pm,0,0.151,18.00
